grid 96 64
vertical capacity 4
horizontal capacity 4
num block 5
block 41 18
block 27 16
block 62 58
block 0 4
block 91 62
num net 2029
net0 2
  72 36
  73 40
net1 2
  17 44
  17 41
net2 2
  83 48
  81 51
net3 4
  0 28
  2 29
  2 30
  4 29
net4 2
  31 56
  32 57
net5 2
  72 14
  76 14
net6 2
  64 28
  63 25
net7 3
  18 5
  17 6
  19 9
net8 4
  12 50
  13 47
  13 52
  7 50
net9 3
  22 50
  21 49
  22 54
net10 4
  79 59
  82 59
  82 58
  77 61
net11 4
  3 52
  6 54
  3 49
  4 56
net12 4
  88 30
  85 32
  88 25
  89 27
net13 3
  28 39
  27 40
  30 36
net14 3
  59 17
  58 18
  58 21
net15 2
  32 31
  29 30
net16 2
  92 55
  94 55
net17 4
  69 40
  70 39
  68 38
  71 38
net18 2
  92 30
  93 34
net19 4
  62 10
  66 10
  60 10
  65 11
net20 3
  40 12
  36 12
  40 17
net21 3
  91 46
  89 47
  90 44
net22 2
  61 48
  61 43
net23 4
  62 38
  63 36
  63 42
  66 38
net24 2
  20 11
  15 11
net25 4
  74 3
  73 4
  72 2
  71 1
net26 4
  25 61
  24 63
  24 62
  22 62
net27 3
  21 36
  26 36
  22 35
net28 2
  44 21
  46 18
net29 4
  36 25
  35 28
  34 23
  36 22
net30 3
  88 59
  83 59
  89 56
net31 2
  42 38
  42 39
net32 3
  30 22
  26 23
  33 21
net33 3
  54 63
  55 61
  57 63
net34 2
  57 32
  55 35
net35 3
  41 26
  43 24
  42 26
net36 4
  65 40
  63 38
  65 42
  65 36
net37 3
  2 62
  7 62
  1 61
net38 3
  9 52
  10 50
  13 51
net39 4
  33 3
  35 0
  34 4
  34 6
net40 4
  53 56
  57 57
  54 53
  52 57
net41 2
  7 13
  5 10
net42 3
  76 31
  76 26
  75 35
net43 2
  63 4
  64 1
net44 2
  87 9
  89 7
net45 4
  77 19
  76 15
  75 21
  77 18
net46 2
  95 9
  93 9
net47 2
  21 2
  21 0
net48 3
  92 62
  88 63
  90 60
net49 4
  66 55
  67 59
  69 56
  62 55
net50 2
  59 42
  56 40
net51 2
  45 1
  48 0
net52 2
  81 42
  78 41
net53 4
  73 46
  74 44
  74 46
  72 48
net54 2
  38 25
  38 23
net55 2
  64 40
  66 40
net56 2
  6 15
  5 18
net57 4
  91 37
  92 40
  90 39
  93 39
net58 2
  91 50
  90 52
net59 4
  33 32
  34 33
  30 31
  36 34
net60 3
  22 21
  27 21
  21 18
net61 2
  45 17
  45 20
net62 2
  83 7
  79 7
net63 4
  42 9
  44 10
  40 9
  42 10
net64 3
  92 56
  91 58
  89 55
net65 2
  82 26
  82 24
net66 3
  14 35
  13 37
  14 31
net67 2
  5 56
  8 55
net68 2
  65 34
  66 34
net69 2
  32 35
  32 37
net70 4
  28 48
  29 44
  31 49
  32 47
net71 3
  23 8
  21 6
  28 8
net72 4
  48 38
  44 39
  51 37
  50 40
net73 4
  10 54
  7 54
  9 58
  11 51
net74 3
  65 55
  65 53
  68 57
net75 2
  34 45
  31 43
net76 4
  85 59
  86 55
  83 57
  83 62
net77 4
  93 55
  92 58
  90 54
  93 54
net78 3
  60 15
  61 16
  61 14
net79 3
  78 3
  76 2
  79 3
net80 4
  6 19
  6 14
  8 19
  7 22
net81 4
  73 39
  71 36
  75 40
  71 39
net82 2
  6 41
  6 44
net83 3
  38 4
  39 0
  40 4
net84 3
  24 22
  25 19
  23 20
net85 3
  61 15
  63 13
  63 16
net86 4
  4 8
  2 8
  5 9
  6 6
net87 4
  67 33
  69 32
  68 36
  63 32
net88 4
  92 9
  91 7
  89 9
  93 5
net89 3
  50 0
  46 1
  50 1
net90 2
  83 58
  81 55
net91 2
  78 6
  78 11
net92 4
  62 36
  63 37
  66 36
  59 38
net93 3
  41 44
  39 45
  39 41
net94 2
  86 44
  84 43
net95 2
  78 17
  74 16
net96 4
  87 4
  88 6
  85 5
  87 5
net97 2
  10 43
  10 38
net98 2
  33 38
  31 41
net99 2
  31 25
  33 22
net100 2
  47 37
  46 37
net101 3
  7 15
  7 20
  8 15
net102 4
  86 0
  86 5
  89 2
  86 1
net103 3
  45 51
  47 54
  45 47
net104 4
  44 4
  43 4
  42 3
  43 6
net105 4
  49 13
  48 10
  53 12
  46 15
net106 2
  47 16
  47 18
net107 2
  79 17
  80 16
net108 3
  44 51
  43 49
  41 50
net109 2
  4 23
  5 24
net110 4
  27 23
  23 24
  26 21
  27 25
net111 3
  26 33
  26 31
  25 34
net112 3
  32 51
  32 54
  31 50
net113 4
  20 15
  17 13
  21 13
  21 11
net114 3
  94 37
  90 38
  94 35
net115 3
  91 6
  90 2
  90 9
net116 4
  63 2
  61 3
  65 1
  60 0
net117 2
  59 25
  60 29
net118 4
  32 8
  35 8
  37 8
  34 7
net119 2
  42 11
  39 9
net120 2
  80 28
  76 29
net121 3
  41 29
  43 29
  44 28
net122 3
  51 20
  52 16
  51 22
net123 4
  18 62
  19 63
  15 60
  19 62
net124 4
  84 23
  81 23
  83 25
  80 24
net125 2
  13 16
  13 21
net126 4
  23 30
  27 30
  22 33
  20 31
net127 4
  73 37
  74 41
  75 36
  72 37
net128 2
  17 48
  12 48
net129 3
  45 52
  46 49
  45 57
net130 2
  12 61
  13 60
net131 4
  89 53
  91 51
  90 49
  89 52
net132 4
  13 53
  13 48
  9 53
  12 56
net133 2
  74 14
  74 17
net134 3
  11 40
  11 42
  12 36
net135 3
  25 31
  28 33
  26 29
net136 3
  74 62
  74 57
  74 58
net137 2
  10 44
  7 42
net138 4
  19 51
  18 50
  18 47
  19 47
net139 2
  91 53
  88 53
net140 2
  57 38
  54 39
net141 3
  57 30
  54 29
  60 32
net142 4
  2 33
  2 38
  1 32
  3 33
net143 4
  55 36
  58 34
  58 35
  52 35
net144 3
  87 28
  91 28
  86 30
net145 2
  88 24
  89 21
net146 4
  55 53
  56 54
  60 53
  53 55
net147 3
  45 8
  46 5
  47 10
net148 4
  86 40
  84 38
  85 38
  83 42
net149 2
  72 43
  75 41
net150 4
  8 22
  8 23
  7 21
  10 23
net151 3
  7 28
  9 31
  5 28
net152 2
  92 35
  93 36
net153 2
  3 9
  0 9
net154 2
  63 30
  62 34
net155 3
  34 58
  38 58
  32 58
net156 3
  18 30
  17 26
  18 27
net157 2
  4 60
  3 63
net158 2
  28 14
  30 13
net159 4
  65 0
  65 4
  62 2
  70 0
net160 4
  23 57
  23 56
  18 57
  20 57
net161 2
  93 43
  93 47
net162 2
  0 42
  2 43
net163 4
  35 13
  36 17
  34 12
  37 12
net164 3
  8 48
  9 48
  11 46
net165 2
  28 52
  30 55
net166 2
  44 32
  43 33
net167 2
  16 41
  12 42
net168 3
  75 3
  78 4
  73 6
net169 4
  47 23
  47 21
  45 26
  45 24
net170 3
  50 13
  53 13
  50 8
net171 3
  22 52
  24 53
  21 52
net172 2
  55 46
  56 47
net173 2
  77 23
  79 26
net174 3
  43 12
  43 16
  45 9
net175 2
  30 15
  27 17
net176 3
  6 22
  7 18
  5 20
net177 2
  8 5
  6 4
net178 2
  39 59
  39 63
net179 4
  46 60
  43 61
  48 59
  46 63
net180 4
  89 39
  92 37
  85 39
  89 42
net181 3
  62 35
  64 36
  59 36
net182 4
  75 38
  73 41
  76 38
  74 37
net183 4
  0 17
  4 17
  3 17
  1 20
net184 3
  80 47
  80 46
  79 48
net185 2
  53 17
  49 18
net186 3
  83 41
  84 45
  82 40
net187 4
  55 39
  58 38
  55 40
  55 38
net188 3
  2 0
  2 5
  3 2
net189 4
  63 61
  60 61
  59 61
  65 59
net190 4
  44 14
  46 11
  48 14
  45 11
net191 4
  70 28
  67 30
  70 25
  69 26
net192 4
  69 37
  69 36
  71 34
  66 35
net193 4
  73 48
  75 45
  73 50
  72 47
net194 4
  54 19
  54 15
  58 20
  57 18
net195 3
  4 55
  6 53
  0 54
net196 3
  83 61
  87 62
  81 59
net197 2
  15 13
  15 16
net198 3
  44 25
  41 27
  46 22
net199 3
  94 32
  93 30
  91 32
net200 2
  90 27
  86 26
net201 4
  34 44
  35 45
  37 44
  35 41
net202 4
  89 48
  91 47
  88 50
  92 48
net203 3
  77 9
  80 7
  81 8
net204 3
  40 40
  41 36
  38 41
net205 4
  14 60
  18 61
  14 55
  10 59
net206 4
  70 30
  71 29
  69 27
  72 30
net207 4
  13 5
  13 3
  16 6
  12 7
net208 3
  75 14
  72 13
  78 16
net209 2
  82 48
  81 52
net210 2
  79 43
  81 44
net211 2
  46 43
  44 44
net212 3
  43 41
  43 39
  43 40
net213 4
  2 42
  5 41
  2 47
  0 40
net214 4
  7 3
  4 2
  8 7
  7 8
net215 4
  4 50
  3 46
  6 52
  0 50
net216 4
  32 62
  36 63
  33 58
  31 59
net217 4
  3 35
  5 33
  4 33
  2 37
net218 2
  14 59
  17 59
net219 2
  13 7
  13 12
net220 2
  29 60
  31 58
net221 4
  51 60
  52 61
  54 60
  51 62
net222 2
  57 21
  57 22
net223 2
  29 37
  29 34
net224 3
  90 4
  88 1
  88 3
net225 3
  73 16
  70 15
  69 16
net226 2
  37 23
  39 25
net227 4
  87 38
  89 38
  88 39
  88 42
net228 3
  83 45
  83 46
  83 40
net229 2
  4 20
  2 18
net230 3
  47 30
  46 27
  49 29
net231 4
  90 20
  88 23
  88 21
  90 23
net232 4
  28 31
  28 26
  29 29
  27 28
net233 4
  89 6
  88 2
  89 10
  90 8
net234 3
  54 51
  53 50
  54 47
net235 2
  28 6
  30 4
net236 4
  3 57
  3 54
  8 57
  6 58
net237 3
  87 43
  88 44
  83 43
net238 2
  28 4
  27 6
net239 2
  29 27
  30 26
net240 3
  55 29
  58 28
  54 32
net241 3
  20 41
  24 42
  21 43
net242 2
  52 18
  55 18
net243 4
  77 22
  77 21
  76 19
  78 21
net244 4
  33 11
  33 12
  37 11
  31 8
net245 4
  39 29
  39 33
  42 28
  44 29
net246 3
  62 47
  63 43
  62 48
net247 4
  84 5
  84 4
  85 2
  81 6
net248 4
  49 6
  48 3
  54 6
  50 5
net249 2
  55 37
  51 38
net250 2
  75 55
  74 55
net251 4
  94 34
  94 31
  91 33
  94 29
net252 2
  1 12
  6 12
net253 4
  69 9
  71 11
  65 8
  67 11
net254 2
  41 57
  38 57
net255 4
  85 52
  83 50
  87 55
  84 51
net256 4
  50 51
  48 49
  49 55
  49 53
net257 4
  49 51
  47 50
  50 52
  47 52
net258 2
  7 24
  11 24
net259 4
  37 39
  41 39
  32 39
  35 38
net260 4
  33 8
  34 11
  35 6
  34 10
net261 2
  80 6
  80 9
net262 4
  17 11
  21 10
  20 12
  18 15
net263 3
  24 2
  26 4
  23 0
net264 3
  4 26
  1 25
  3 28
net265 3
  23 49
  23 51
  22 49
net266 3
  49 44
  49 41
  46 45
net267 3
  30 47
  31 44
  27 49
net268 2
  4 62
  7 61
net269 3
  70 51
  72 50
  72 52
net270 2
  35 42
  34 39
net271 4
  29 17
  28 17
  32 15
  32 19
net272 4
  79 47
  78 43
  76 45
  77 49
net273 3
  11 30
  11 32
  9 30
net274 4
  24 17
  25 18
  23 18
  27 18
net275 2
  65 17
  62 18
net276 4
  82 27
  82 32
  80 29
  78 27
net277 2
  47 44
  46 46
net278 2
  60 26
  62 24
net279 4
  32 22
  35 22
  32 24
  33 23
net280 4
  78 7
  78 8
  78 5
  81 9
net281 4
  73 59
  72 55
  70 57
  74 59
net282 3
  49 62
  47 59
  45 62
net283 2
  29 35
  31 36
net284 2
  10 56
  13 56
net285 4
  30 17
  29 16
  35 17
  33 19
net286 4
  42 24
  40 26
  39 26
  46 25
net287 3
  11 1
  9 2
  8 2
net288 2
  69 15
  70 19
net289 2
  78 42
  80 42
net290 3
  52 27
  56 26
  55 26
net291 2
  22 19
  19 21
net292 2
  19 5
  22 4
net293 2
  18 3
  14 2
net294 3
  91 59
  93 60
  89 58
net295 4
  78 2
  83 2
  81 0
  81 2
net296 3
  82 5
  81 3
  85 3
net297 3
  3 24
  1 22
  1 23
net298 2
  64 19
  64 18
net299 4
  28 0
  29 4
  33 0
  26 0
net300 4
  5 45
  2 45
  4 44
  3 47
net301 4
  54 46
  52 43
  55 44
  52 47
net302 2
  18 0
  18 2
net303 4
  84 16
  82 16
  85 15
  82 15
net304 3
  8 60
  11 59
  7 56
net305 4
  31 23
  33 25
  31 28
  31 22
net306 2
  80 10
  81 10
net307 2
  19 16
  20 17
net308 4
  44 59
  42 56
  44 63
  44 61
net309 3
  24 32
  27 34
  24 31
net310 4
  75 47
  77 46
  74 48
  77 45
net311 2
  86 58
  86 59
net312 4
  66 57
  67 53
  64 59
  66 52
net313 2
  94 27
  93 25
net314 2
  75 22
  71 23
net315 2
  67 55
  64 54
net316 3
  79 0
  81 1
  79 2
net317 3
  63 46
  64 49
  65 47
net318 4
  59 40
  59 43
  58 42
  57 40
net319 2
  23 3
  19 4
net320 4
  67 32
  66 31
  64 30
  68 28
net321 4
  51 35
  49 34
  49 35
  50 34
net322 3
  25 24
  26 27
  28 24
net323 3
  36 33
  36 31
  37 30
net324 4
  24 49
  21 48
  20 48
  26 49
net325 4
  52 51
  52 49
  53 47
  52 50
net326 4
  71 21
  69 22
  70 22
  68 21
net327 4
  54 44
  58 45
  54 42
  51 44
net328 3
  14 51
  13 54
  14 48
net329 4
  70 8
  72 5
  73 7
  68 6
net330 3
  15 8
  14 11
  14 4
net331 4
  2 26
  4 24
  2 25
  1 26
net332 4
  58 47
  59 46
  57 45
  63 47
net333 4
  39 24
  40 21
  35 24
  43 25
net334 2
  88 33
  88 31
net335 3
  93 44
  92 44
  90 43
net336 4
  17 1
  17 4
  12 1
  19 3
net337 3
  22 44
  22 46
  20 47
net338 2
  24 60
  22 59
net339 2
  74 29
  77 28
net340 4
  13 40
  9 40
  15 38
  12 41
net341 2
  84 34
  84 37
net342 4
  85 62
  84 58
  89 62
  82 63
net343 4
  66 9
  65 10
  65 12
  65 7
net344 2
  66 0
  64 3
net345 4
  33 53
  32 50
  34 52
  38 53
net346 3
  84 52
  84 56
  86 50
net347 3
  29 22
  27 24
  26 20
net348 2
  55 52
  54 55
net349 2
  56 12
  52 11
net350 3
  81 26
  79 27
  84 28
net351 4
  42 35
  45 37
  40 38
  44 33
net352 4
  24 55
  27 54
  24 50
  28 54
net353 2
  54 22
  55 22
net354 2
  2 53
  4 51
net355 3
  52 21
  56 22
  54 21
net356 4
  89 49
  89 44
  88 52
  89 54
net357 4
  28 23
  27 27
  30 23
  31 24
net358 4
  69 12
  68 16
  68 13
  70 14
net359 2
  38 31
  35 29
net360 4
  65 52
  68 54
  64 50
  66 50
net361 4
  23 17
  25 14
  24 13
  24 20
net362 3
  14 58
  11 56
  11 60
net363 3
  21 1
  17 2
  26 1
net364 3
  91 57
  90 53
  88 58
net365 4
  18 59
  19 58
  17 61
  18 58
net366 3
  41 55
  40 56
  45 55
net367 2
  45 14
  43 14
net368 2
  3 5
  3 10
net369 2
  60 48
  60 49
net370 3
  62 63
  66 63
  61 61
net371 2
  11 36
  11 34
net372 3
  44 42
  47 40
  44 46
net373 3
  21 44
  22 45
  21 40
net374 2
  47 20
  48 20
net375 4
  6 3
  3 4
  3 3
  7 0
net376 2
  67 25
  64 25
net377 2
  77 7
  79 9
net378 2
  79 54
  78 50
net379 3
  17 12
  19 12
  16 16
net380 2
  34 0
  36 2
net381 4
  66 14
  67 18
  62 13
  66 19
net382 2
  19 61
  21 61
net383 3
  91 20
  91 19
  95 21
net384 4
  64 35
  61 33
  60 35
  67 37
net385 3
  44 19
  42 16
  42 19
net386 4
  72 61
  72 56
  75 63
  73 63
net387 4
  57 16
  55 16
  59 15
  58 14
net388 3
  15 26
  14 25
  13 23
net389 4
  71 6
  71 10
  68 5
  74 8
net390 3
  7 40
  10 39
  3 39
net391 4
  89 46
  91 45
  91 49
  88 46
net392 3
  68 37
  70 37
  69 39
net393 2
  75 46
  76 49
net394 3
  68 49
  67 51
  69 46
net395 4
  52 10
  52 6
  52 12
  53 6
net396 2
  63 5
  61 2
net397 2
  69 53
  64 53
net398 4
  23 41
  22 41
  23 37
  23 46
net399 4
  37 7
  38 9
  41 8
  35 9
net400 2
  3 7
  6 7
net401 4
  86 16
  87 20
  88 19
  86 19
net402 3
  10 48
  10 53
  8 47
net403 4
  54 56
  54 52
  52 54
  56 55
net404 2
  7 51
  8 52
net405 3
  59 21
  58 19
  58 17
net406 2
  79 29
  76 27
net407 3
  29 52
  30 51
  29 53
net408 4
  45 36
  46 36
  46 32
  48 36
net409 3
  5 23
  2 21
  6 20
net410 3
  71 47
  72 44
  72 45
net411 2
  30 7
  29 5
net412 2
  46 62
  45 60
net413 4
  20 5
  22 6
  24 6
  21 4
net414 2
  3 45
  1 46
net415 3
  23 19
  23 21
  21 17
net416 3
  46 57
  45 53
  46 53
net417 4
  92 26
  92 31
  92 29
  92 21
net418 4
  50 41
  48 43
  50 42
  46 40
net419 2
  27 1
  23 2
net420 2
  41 63
  42 60
net421 3
  9 1
  6 2
  11 3
net422 3
  19 32
  19 30
  20 28
net423 4
  30 6
  31 6
  26 7
  28 5
net424 3
  49 45
  49 46
  51 48
net425 2
  74 40
  79 40
net426 4
  35 56
  35 51
  38 56
  37 55
net427 4
  43 18
  40 20
  41 19
  39 18
net428 2
  37 47
  39 46
net429 3
  79 41
  82 39
  80 37
net430 4
  14 52
  12 53
  14 53
  15 54
net431 3
  22 0
  20 2
  20 3
net432 4
  6 13
  3 11
  5 12
  3 13
net433 3
  64 58
  62 57
  67 57
net434 3
  95 32
  93 29
  92 32
net435 4
  74 35
  78 34
  76 34
  77 35
net436 4
  56 52
  55 51
  56 56
  59 50
net437 2
  38 16
  38 19
net438 4
  89 18
  88 17
  89 16
  87 21
net439 4
  14 43
  13 44
  14 42
  12 45
net440 2
  13 27
  14 24
net441 4
  20 32
  16 31
  20 29
  19 28
net442 4
  26 2
  30 3
  24 0
  27 2
net443 3
  57 23
  62 23
  58 25
net444 4
  47 4
  46 8
  43 3
  45 7
net445 2
  24 18
  26 19
net446 3
  15 6
  10 6
  15 7
net447 4
  15 22
  16 24
  14 23
  14 26
net448 4
  65 62
  62 62
  65 63
  65 58
net449 3
  33 56
  34 53
  32 60
net450 4
  17 46
  21 47
  14 47
  16 46
net451 3
  80 60
  77 59
  79 61
net452 3
  19 42
  22 43
  18 41
net453 3
  46 7
  47 8
  42 7
net454 4
  73 8
  71 9
  69 7
  70 7
net455 3
  3 23
  7 23
  5 21
net456 3
  93 32
  94 33
  94 28
net457 2
  76 0
  76 1
net458 3
  52 19
  50 19
  52 15
net459 4
  21 22
  23 22
  19 25
  21 19
net460 2
  82 44
  81 43
net461 3
  62 20
  67 20
  62 22
net462 4
  3 29
  1 30
  1 28
  3 34
net463 2
  18 36
  16 38
net464 3
  38 5
  41 3
  37 3
net465 4
  18 17
  21 16
  15 19
  19 13
net466 3
  8 8
  10 8
  8 6
net467 3
  72 19
  71 20
  69 21
net468 4
  32 10
  33 6
  30 8
  31 9
net469 2
  60 20
  59 20
net470 3
  33 7
  31 5
  35 5
net471 4
  66 45
  66 43
  64 45
  70 46
net472 2
  66 46
  67 46
net473 2
  21 8
  23 11
net474 3
  82 8
  82 7
  84 7
net475 3
  87 11
  86 14
  88 15
net476 4
  9 24
  8 24
  7 25
  9 27
net477 3
  12 17
  7 17
  14 19
net478 4
  77 0
  77 4
  76 4
  80 0
net479 2
  2 19
  2 17
net480 3
  77 62
  75 60
  76 60
net481 4
  85 60
  87 60
  84 57
  82 62
net482 4
  68 3
  68 7
  71 3
  67 2
net483 3
  90 17
  91 18
  92 19
net484 4
  64 9
  66 8
  68 8
  59 9
net485 4
  65 41
  65 39
  67 38
  62 42
net486 4
  45 21
  50 21
  44 24
  45 19
net487 3
  68 22
  65 24
  63 22
net488 2
  48 25
  52 26
net489 2
  57 56
  56 53
net490 3
  80 35
  78 35
  81 39
net491 3
  84 46
  83 47
  81 47
net492 3
  77 10
  77 6
  76 11
net493 2
  73 23
  76 21
net494 4
  90 33
  87 31
  91 29
  90 37
net495 2
  34 61
  37 62
net496 2
  3 58
  5 59
net497 2
  80 32
  81 33
net498 3
  26 50
  30 50
  26 52
net499 3
  39 4
  37 2
  41 6
net500 2
  5 40
  8 38
net501 2
  80 27
  76 28
net502 2
  87 54
  86 53
net503 2
  33 37
  32 41
net504 4
  67 50
  70 49
  66 47
  71 49
net505 2
  39 13
  41 12
net506 4
  51 28
  46 28
  49 27
  51 24
net507 2
  24 54
  22 51
net508 4
  73 2
  73 3
  72 3
  74 5
net509 2
  41 52
  43 55
net510 4
  95 40
  94 38
  91 39
  93 40
net511 3
  48 6
  48 8
  44 5
net512 3
  78 24
  77 20
  76 23
net513 4
  78 58
  75 59
  81 56
  80 61
net514 4
  16 17
  17 18
  16 19
  16 12
net515 4
  71 24
  70 27
  74 22
  67 24
net516 4
  25 28
  26 30
  25 32
  22 30
net517 4
  47 33
  48 35
  47 35
  49 31
net518 3
  11 35
  9 33
  13 36
net519 2
  13 57
  15 55
net520 4
  44 55
  46 58
  44 58
  41 53
net521 4
  2 32
  6 31
  2 36
  0 35
net522 3
  48 51
  46 54
  48 46
net523 3
  66 5
  61 5
  62 6
net524 4
  38 10
  39 12
  39 11
  41 9
net525 4
  16 32
  13 31
  14 32
  15 36
net526 2
  47 29
  48 30
net527 3
  52 56
  53 54
  53 60
net528 2
  13 14
  12 16
net529 3
  14 5
  12 8
  15 4
net530 3
  54 48
  53 46
  56 48
net531 2
  25 33
  23 33
net532 2
  6 23
  3 21
net533 3
  16 11
  13 10
  12 11
net534 2
  61 18
  65 19
net535 3
  40 39
  37 38
  36 38
net536 4
  34 29
  32 27
  34 31
  34 30
net537 4
  41 10
  38 11
  37 9
  44 12
net538 2
  33 43
  33 39
net539 2
  88 48
  88 43
net540 3
  84 29
  84 27
  82 28
net541 2
  4 41
  3 43
net542 2
  31 38
  33 36
net543 4
  29 1
  30 1
  28 3
  33 1
net544 2
  74 61
  77 63
net545 4
  2 22
  3 22
  0 25
  1 21
net546 4
  49 0
  48 1
  47 1
  50 4
net547 4
  77 60
  82 60
  73 61
  81 60
net548 3
  91 55
  90 59
  93 52
net549 3
  59 11
  57 11
  60 14
net550 2
  91 16
  89 19
net551 2
  23 53
  26 54
net552 3
  13 11
  13 8
  14 12
net553 3
  9 13
  8 11
  8 16
net554 4
  82 0
  80 3
  82 1
  80 2
net555 4
  17 10
  16 7
  17 15
  16 9
net556 2
  57 59
  58 60
net557 3
  92 38
  94 40
  91 34
net558 4
  27 56
  26 57
  27 51
  26 53
net559 3
  75 10
  76 9
  79 11
net560 3
  11 8
  11 9
  11 7
net561 4
  61 47
  61 46
  61 45
  61 52
net562 3
  50 22
  49 24
  49 19
net563 4
  19 10
  18 12
  14 10
  16 8
net564 2
  53 41
  49 40
net565 4
  10 36
  8 36
  8 33
  5 36
net566 3
  75 8
  76 6
  73 9
net567 4
  42 47
  43 47
  44 47
  42 48
net568 4
  46 13
  43 11
  43 13
  44 16
net569 3
  67 14
  71 13
  71 15
net570 4
  66 58
  67 60
  67 58
  66 54
net571 4
  89 45
  92 45
  87 44
  88 49
net572 2
  46 19
  50 20
net573 4
  73 21
  73 20
  73 25
  70 23
net574 2
  55 31
  59 32
net575 2
  73 12
  69 13
net576 4
  68 26
  65 28
  69 30
  70 29
net577 4
  47 0
  50 2
  42 0
  47 3
net578 2
  66 61
  68 58
net579 3
  25 1
  24 5
  28 1
net580 4
  16 4
  16 1
  11 4
  15 5
net581 3
  5 32
  5 34
  8 31
net582 2
  30 9
  34 9
net583 4
  53 25
  53 29
  50 26
  53 27
net584 2
  62 7
  63 3
net585 2
  51 0
  48 2
net586 2
  53 11
  52 9
net587 2
  58 5
  58 8
net588 3
  22 32
  23 35
  24 35
net589 3
  77 16
  76 12
  78 12
net590 3
  33 52
  29 51
  33 47
net591 4
  68 24
  71 25
  68 23
  68 19
net592 2
  86 39
  86 41
net593 4
  45 10
  45 12
  43 8
  46 9
net594 4
  77 39
  76 42
  77 40
  77 42
net595 2
  25 50
  25 51
net596 2
  69 17
  69 20
net597 3
  75 23
  79 24
  76 24
net598 3
  10 32
  8 32
  10 27
net599 4
  75 52
  74 54
  72 51
  76 51
net600 3
  39 54
  41 56
  37 57
net601 2
  85 0
  90 0
net602 2
  68 18
  67 16
net603 4
  81 19
  81 21
  82 23
  84 17
net604 4
  57 26
  59 26
  55 25
  57 27
net605 3
  18 4
  17 5
  16 5
net606 3
  28 15
  31 15
  27 14
net607 3
  27 60
  26 63
  23 60
net608 3
  52 37
  50 35
  54 34
net609 3
  28 37
  26 34
  26 38
net610 4
  20 9
  22 12
  24 8
  20 10
net611 4
  7 48
  7 43
  7 49
  7 52
net612 2
  38 30
  41 32
net613 4
  81 17
  81 13
  83 17
  82 18
net614 3
  15 41
  17 42
  18 43
net615 3
  27 35
  24 37
  29 32
net616 4
  30 37
  30 39
  28 36
  26 37
net617 2
  20 38
  19 40
net618 2
  86 45
  82 46
net619 2
  53 37
  52 33
net620 2
  37 36
  34 36
net621 3
  36 43
  40 43
  35 40
net622 4
  55 55
  55 56
  58 53
  55 58
net623 4
  70 48
  72 46
  67 48
  71 48
net624 3
  94 30
  93 27
  89 30
net625 2
  16 37
  19 36
net626 3
  15 2
  16 2
  17 0
net627 4
  65 38
  67 36
  63 39
  70 38
net628 4
  50 39
  49 39
  53 40
  47 41
net629 3
  1 27
  1 31
  3 27
net630 4
  95 24
  95 25
  95 26
  93 22
net631 2
  40 60
  40 61
net632 3
  40 19
  41 23
  44 20
net633 2
  76 13
  74 12
net634 2
  76 57
  78 59
net635 3
  5 14
  8 12
  5 17
net636 2
  40 48
  42 46
net637 2
  53 43
  56 43
net638 4
  5 1
  4 5
  4 4
  3 1
net639 4
  11 48
  10 45
  10 47
  9 46
net640 3
  84 35
  87 37
  81 35
net641 3
  87 51
  86 51
  91 52
net642 2
  19 15
  21 15
net643 2
  6 59
  6 61
net644 3
  55 6
  58 6
  56 4
net645 3
  15 57
  15 62
  12 59
net646 3
  69 52
  69 54
  70 55
net647 4
  69 8
  71 7
  72 6
  66 7
net648 4
  6 55
  6 60
  4 54
  11 55
net649 3
  70 36
  74 36
  70 40
net650 2
  13 43
  15 42
net651 4
  66 28
  68 30
  68 27
  66 32
net652 3
  83 29
  85 29
  83 33
net653 3
  82 50
  82 55
  84 53
net654 3
  27 52
  26 56
  31 52
net655 3
  38 36
  35 35
  35 34
net656 3
  15 3
  15 0
  15 1
net657 2
  19 24
  22 23
net658 4
  78 44
  79 46
  77 48
  83 44
net659 4
  57 48
  58 46
  58 52
  56 49
net660 2
  29 33
  31 32
net661 2
  73 27
  72 27
net662 2
  59 35
  60 33
net663 3
  36 11
  41 11
  34 14
net664 2
  15 45
  16 43
net665 2
  23 62
  23 61
net666 3
  84 20
  82 19
  85 21
net667 3
  15 32
  17 32
  15 30
net668 2
  55 48
  57 47
net669 3
  9 50
  6 48
  6 49
net670 2
  79 1
  76 3
net671 4
  62 8
  64 6
  64 10
  65 9
net672 3
  29 49
  30 49
  28 49
net673 3
  86 25
  90 24
  86 27
net674 3
  0 60
  3 62
  5 60
net675 4
  23 23
  19 23
  22 22
  23 28
net676 2
  58 12
  61 13
net677 3
  88 28
  86 31
  89 29
net678 4
  16 23
  16 22
  15 20
  15 24
net679 2
  91 9
  89 12
net680 2
  63 21
  63 24
net681 4
  10 11
  12 14
  6 11
  13 13
net682 3
  65 54
  66 56
  63 54
net683 4
  40 52
  44 52
  42 49
  39 51
net684 2
  3 14
  1 11
net685 3
  53 57
  54 54
  48 57
net686 2
  90 5
  90 6
net687 3
  5 7
  1 6
  7 5
net688 4
  89 37
  85 36
  88 37
  86 35
net689 4
  87 48
  90 48
  87 50
  86 49
net690 4
  9 55
  10 58
  7 53
  7 55
net691 4
  63 14
  62 16
  62 11
  59 13
net692 2
  85 19
  82 21
net693 3
  85 63
  86 60
  83 63
net694 4
  35 43
  37 43
  36 40
  36 44
net695 4
  59 22
  61 20
  60 24
  61 23
net696 2
  85 33
  85 30
net697 4
  78 48
  78 46
  78 45
  78 49
net698 3
  63 7
  64 8
  60 7
net699 4
  65 18
  64 14
  65 15
  67 17
net700 4
  73 0
  75 1
  75 2
  73 5
net701 2
  86 63
  84 61
net702 4
  94 12
  93 15
  93 12
  93 10
net703 4
  84 36
  83 37
  86 36
  82 37
net704 2
  37 4
  39 7
net705 3
  51 34
  49 32
  49 36
net706 2
  20 21
  19 20
net707 4
  93 4
  89 4
  91 2
  93 6
net708 3
  0 53
  1 55
  0 52
net709 4
  77 47
  75 49
  82 47
  77 44
net710 2
  79 58
  77 55
net711 4
  84 25
  83 22
  87 23
  86 22
net712 2
  64 29
  67 27
net713 4
  21 39
  23 36
  22 36
  22 42
net714 2
  26 3
  25 4
net715 4
  24 52
  25 53
  21 51
  27 53
net716 4
  32 28
  32 29
  33 27
  30 25
net717 3
  41 33
  37 34
  43 35
net718 2
  39 16
  42 18
net719 4
  52 3
  56 3
  56 2
  52 0
net720 2
  30 35
  27 37
net721 4
  92 11
  90 12
  91 11
  94 10
net722 3
  94 46
  94 48
  93 46
net723 4
  52 17
  54 18
  49 17
  52 14
net724 3
  35 44
  37 45
  36 47
net725 3
  70 44
  68 42
  66 44
net726 3
  11 28
  13 26
  13 30
net727 3
  29 8
  32 9
  34 8
net728 3
  4 1
  1 2
  1 0
net729 4
  55 27
  54 28
  56 28
  55 23
net730 4
  39 62
  42 61
  41 60
  37 60
net731 2
  84 33
  81 34
net732 4
  37 24
  35 26
  40 24
  36 20
net733 2
  70 59
  66 60
net734 4
  37 52
  36 50
  34 54
  38 54
net735 2
  50 30
  52 31
net736 4
  82 54
  84 55
  83 55
  79 52
net737 2
  28 22
  31 20
net738 4
  55 11
  55 7
  53 14
  56 7
net739 3
  42 59
  44 57
  43 58
net740 4
  29 23
  29 24
  31 21
  26 22
net741 2
  27 43
  25 42
net742 3
  86 23
  85 22
  89 22
net743 2
  93 63
  92 61
net744 4
  85 45
  84 48
  84 44
  86 43
net745 3
  72 17
  72 22
  73 17
net746 2
  37 25
  37 29
net747 2
  29 2
  27 5
net748 4
  49 47
  49 49
  50 48
  45 46
net749 3
  28 29
  31 30
  28 25
net750 3
  52 30
  53 33
  49 28
net751 2
  93 19
  93 24
net752 2
  39 53
  42 55
net753 4
  36 45
  36 48
  40 46
  36 41
net754 2
  12 28
  11 25
net755 3
  37 28
  38 29
  37 27
net756 4
  91 21
  93 18
  89 24
  94 20
net757 3
  26 46
  29 45
  27 48
net758 4
  72 24
  71 22
  75 26
  77 24
net759 3
  58 7
  57 7
  55 5
net760 4
  73 22
  72 20
  72 26
  72 25
net761 2
  20 30
  22 27
net762 4
  61 12
  64 11
  60 16
  63 12
net763 3
  53 28
  51 30
  54 24
net764 3
  50 15
  51 16
  52 13
net765 4
  80 23
  83 21
  79 22
  81 20
net766 2
  19 55
  21 57
net767 3
  77 8
  75 7
  76 8
net768 3
  49 22
  46 20
  53 23
net769 4
  36 13
  36 10
  34 13
  36 14
net770 4
  33 15
  31 18
  34 19
  33 10
net771 4
  40 2
  39 6
  44 1
  40 6
net772 4
  71 57
  71 62
  71 59
  72 60
net773 3
  31 17
  31 16
  26 17
net774 3
  62 32
  61 29
  61 35
net775 4
  45 33
  44 34
  44 36
  48 32
net776 2
  72 31
  75 30
net777 3
  93 1
  92 1
  91 0
net778 4
  6 1
  8 0
  9 3
  1 1
net779 4
  9 39
  8 41
  12 37
  9 37
net780 3
  43 36
  42 32
  45 34
net781 3
  64 61
  65 57
  65 60
net782 3
  91 8
  94 7
  89 5
net783 3
  16 56
  14 56
  17 52
net784 2
  53 34
  51 36
net785 4
  70 34
  71 30
  68 35
  74 34
net786 2
  74 43
  75 44
net787 2
  60 17
  61 21
net788 3
  91 24
  90 21
  94 23
net789 3
  47 24
  48 23
  47 27
net790 3
  88 11
  91 12
  88 14
net791 4
  43 10
  46 12
  44 11
  44 7
net792 2
  54 2
  52 2
net793 3
  26 13
  24 14
  25 13
net794 2
  68 31
  67 35
net795 2
  6 16
  4 18
net796 4
  9 59
  8 63
  9 57
  8 61
net797 2
  87 7
  86 7
net798 4
  82 38
  79 36
  78 37
  78 38
net799 4
  47 32
  45 32
  48 33
  48 34
net800 3
  4 11
  3 12
  5 8
net801 2
  94 21
  94 19
net802 3
  94 14
  92 12
  91 15
net803 3
  55 63
  53 61
  51 63
net804 2
  0 37
  1 35
net805 3
  92 41
  93 37
  94 42
net806 2
  68 47
  73 47
net807 4
  82 34
  82 30
  85 35
  86 34
net808 2
  87 12
  84 12
net809 3
  48 29
  46 29
  46 26
net810 3
  80 44
  80 45
  82 45
net811 4
  34 25
  34 22
  32 25
  36 23
net812 4
  69 62
  69 59
  68 59
  68 62
net813 3
  1 42
  1 40
  1 44
net814 3
  70 12
  69 14
  72 11
net815 2
  5 3
  7 6
net816 3
  73 62
  78 62
  76 61
net817 2
  47 17
  46 21
net818 3
  43 19
  41 17
  47 19
net819 3
  23 42
  28 42
  20 43
net820 2
  73 45
  73 44
net821 4
  73 32
  70 32
  69 33
  71 33
net822 2
  91 42
  91 41
net823 2
  11 2
  13 4
net824 2
  47 13
  49 11
net825 4
  59 6
  58 9
  59 10
  58 4
net826 2
  33 35
  35 37
net827 3
  43 21
  43 22
  43 17
net828 4
  31 27
  28 28
  32 26
  33 28
net829 2
  14 45
  18 45
net830 2
  34 56
  31 55
net831 2
  33 40
  37 40
net832 2
  20 44
  19 45
net833 4
  50 18
  51 21
  46 17
  48 16
net834 4
  34 47
  35 48
  38 46
  33 48
net835 2
  62 28
  63 31
net836 4
  9 9
  11 10
  9 5
  8 13
net837 4
  81 16
  82 12
  79 19
  82 13
net838 4
  41 48
  39 49
  41 43
  38 50
net839 4
  16 33
  16 29
  15 37
  18 34
net840 2
  65 25
  64 27
net841 4
  48 61
  46 59
  45 63
  50 61
net842 3
  12 5
  13 9
  10 7
net843 4
  78 57
  75 58
  80 57
  74 56
net844 3
  77 57
  76 56
  76 53
net845 4
  85 17
  86 20
  87 14
  87 16
net846 2
  12 47
  11 47
net847 3
  29 18
  28 19
  30 18
net848 2
  26 16
  25 17
net849 2
  0 43
  4 42
net850 2
  33 33
  32 30
net851 3
  23 39
  22 39
  25 37
net852 4
  51 11
  49 8
  50 7
  51 15
net853 3
  86 18
  90 19
  87 22
net854 3
  44 3
  43 1
  41 4
net855 2
  81 57
  79 55
net856 3
  7 45
  6 45
  9 44
net857 3
  91 40
  89 43
  89 41
net858 2
  59 41
  59 44
net859 2
  42 34
  46 35
net860 2
  51 25
  54 26
net861 3
  56 29
  57 31
  57 33
net862 2
  75 61
  72 59
net863 4
  83 28
  86 28
  83 23
  83 26
net864 4
  35 32
  36 28
  39 32
  34 34
net865 3
  52 32
  53 30
  56 33
net866 4
  49 33
  51 32
  51 31
  50 36
net867 3
  54 3
  57 1
  53 1
net868 3
  40 51
  43 53
  42 52
net869 2
  54 5
  51 5
net870 2
  72 29
  69 28
net871 4
  75 16
  74 19
  74 13
  77 17
net872 4
  19 11
  20 7
  17 14
  16 10
net873 2
  10 63
  11 63
net874 2
  25 9
  25 6
net875 3
  90 36
  90 41
  90 32
net876 4
  27 31
  28 35
  26 28
  28 32
net877 3
  56 36
  56 39
  56 41
net878 2
  39 15
  37 14
net879 2
  20 26
  21 27
net880 4
  36 5
  38 3
  35 4
  32 6
net881 4
  28 34
  31 33
  30 34
  30 33
net882 4
  6 37
  5 35
  1 37
  4 38
net883 4
  8 44
  11 43
  8 49
  7 44
net884 4
  63 19
  61 17
  66 17
  64 16
net885 3
  76 47
  74 49
  75 51
net886 3
  51 43
  52 45
  52 46
net887 3
  5 49
  4 53
  4 47
net888 3
  27 44
  28 40
  26 47
net889 2
  9 14
  10 13
net890 3
  44 60
  42 62
  47 58
net891 3
  88 13
  90 16
  85 13
net892 2
  73 43
  71 43
net893 3
  75 31
  73 30
  74 32
net894 4
  45 58
  47 56
  41 59
  44 62
net895 3
  60 5
  60 9
  59 4
net896 3
  38 1
  37 0
  39 5
net897 2
  95 41
  93 38
net898 2
  41 22
  44 23
net899 2
  85 34
  88 34
net900 3
  32 45
  35 47
  31 47
net901 3
  76 43
  73 42
  75 42
net902 2
  28 41
  29 39
net903 2
  23 32
  21 34
net904 3
  66 1
  66 6
  65 5
net905 4
  89 23
  92 22
  91 25
  85 24
net906 2
  79 53
  77 56
net907 4
  83 24
  80 22
  82 22
  85 23
net908 2
  21 25
  22 24
net909 2
  2 41
  1 39
net910 4
  73 52
  73 55
  68 52
  78 52
net911 3
  27 63
  25 60
  27 59
net912 4
  62 43
  65 43
  60 40
  61 42
net913 3
  20 58
  24 59
  20 56
net914 2
  32 12
  31 14
net915 3
  6 63
  9 63
  7 63
net916 3
  55 12
  55 15
  51 12
net917 4
  5 26
  6 26
  5 22
  2 27
net918 4
  21 9
  19 6
  26 9
  20 8
net919 3
  70 62
  71 63
  71 58
net920 2
  55 0
  52 1
net921 2
  24 48
  24 45
net922 2
  10 25
  12 27
net923 2
  12 31
  14 33
net924 3
  65 32
  68 34
  66 33
net925 2
  4 40
  2 39
net926 2
  40 49
  41 49
net927 4
  15 15
  15 18
  17 16
  18 16
net928 2
  30 29
  30 24
net929 4
  0 29
  1 33
  0 26
  5 29
net930 3
  12 0
  10 1
  12 4
net931 4
  61 55
  57 54
  60 58
  63 52
net932 2
  17 50
  16 49
net933 4
  20 53
  18 55
  19 54
  22 53
net934 2
  54 4
  57 6
net935 2
  52 7
  51 3
net936 2
  53 2
  51 2
net937 4
  89 40
  90 40
  91 43
  88 38
net938 4
  81 7
  81 11
  81 5
  83 5
net939 3
  19 35
  23 34
  15 34
net940 4
  93 7
  91 5
  94 9
  92 10
net941 4
  16 54
  18 54
  18 53
  14 54
net942 2
  87 13
  87 17
net943 3
  80 48
  80 50
  76 48
net944 3
  42 42
  43 43
  41 41
net945 2
  50 55
  50 53
net946 2
  38 49
  41 47
net947 4
  64 42
  69 42
  65 45
  65 44
net948 3
  27 41
  28 45
  30 40
net949 3
  17 19
  20 19
  19 19
net950 4
  15 46
  15 49
  19 46
  12 46
net951 4
  73 13
  74 10
  73 10
  75 11
net952 2
  90 26
  91 30
net953 2
  75 53
  76 50
net954 4
  26 60
  25 57
  29 62
  26 61
net955 2
  48 22
  48 24
net956 3
  83 32
  79 33
  80 30
net957 4
  24 4
  21 5
  25 7
  23 5
net958 4
  76 55
  78 54
  75 57
  77 52
net959 3
  12 9
  14 6
  10 9
net960 3
  41 0
  39 1
  37 1
net961 4
  86 24
  88 26
  86 29
  82 25
net962 3
  41 40
  38 38
  38 42
net963 4
  57 9
  58 10
  53 8
  62 9
net964 3
  23 12
  21 14
  22 14
net965 4
  20 23
  22 26
  17 24
  18 24
net966 3
  12 29
  11 27
  12 25
net967 2
  11 41
  12 39
net968 4
  94 24
  91 26
  93 28
  92 25
net969 2
  0 48
  1 48
net970 2
  58 16
  62 15
net971 4
  49 52
  52 52
  49 56
  48 56
net972 2
  74 50
  70 50
net973 2
  49 61
  49 59
net974 2
  94 13
  95 15
net975 2
  70 63
  67 63
net976 4
  91 38
  88 36
  92 42
  94 36
net977 4
  34 1
  35 1
  36 0
  32 4
net978 3
  61 50
  61 54
  64 48
net979 3
  9 16
  9 15
  10 20
net980 2
  81 31
  78 32
net981 4
  35 2
  31 3
  32 1
  38 0
net982 4
  79 42
  82 41
  76 41
  81 45
net983 4
  30 48
  30 44
  31 48
  28 50
net984 3
  85 9
  82 10
  89 8
net985 4
  94 56
  93 57
  93 53
  94 57
net986 4
  43 38
  45 41
  45 38
  43 34
net987 2
  62 44
  60 45
net988 2
  9 23
  11 20
net989 2
  68 11
  69 11
net990 2
  0 49
  0 51
net991 4
  94 11
  92 13
  95 12
  93 11
net992 4
  46 39
  48 40
  47 42
  46 34
net993 4
  93 48
  93 45
  90 47
  93 50
net994 3
  76 25
  77 26
  74 23
net995 3
  82 14
  85 14
  80 11
net996 4
  34 35
  34 32
  33 34
  32 33
net997 3
  56 63
  61 63
  59 63
net998 2
  82 4
  83 6
net999 3
  43 42
  45 39
  40 41
net1000 3
  3 18
  0 20
  8 18
net1001 2
  8 26
  3 26
net1002 2
  42 23
  38 22
net1003 3
  45 23
  42 21
  43 26
net1004 4
  29 50
  28 51
  29 55
  27 47
net1005 3
  62 14
  63 11
  59 16
net1006 2
  13 46
  15 43
net1007 4
  28 30
  25 29
  24 29
  28 27
net1008 3
  2 1
  0 2
  3 0
net1009 2
  51 58
  49 58
net1010 3
  56 5
  60 4
  55 1
net1011 3
  13 42
  16 44
  12 44
net1012 4
  46 41
  47 45
  47 39
  45 44
net1013 3
  50 37
  52 36
  52 34
net1014 2
  9 6
  11 6
net1015 4
  10 17
  9 19
  8 17
  8 20
net1016 3
  7 38
  8 34
  7 36
net1017 4
  1 9
  2 9
  0 7
  1 4
net1018 3
  72 16
  73 14
  74 15
net1019 2
  12 26
  16 27
net1020 2
  1 56
  0 56
net1021 4
  54 58
  53 59
  51 56
  56 58
net1022 2
  61 58
  58 58
net1023 3
  55 8
  54 8
  52 8
net1024 4
  75 17
  72 18
  70 17
  76 20
net1025 4
  29 61
  26 59
  28 62
  29 56
net1026 2
  36 58
  35 54
net1027 3
  47 46
  48 42
  47 43
net1028 4
  32 43
  36 42
  32 46
  34 41
net1029 3
  3 51
  5 50
  1 54
net1030 4
  21 3
  19 2
  23 1
  20 1
net1031 3
  75 62
  72 62
  80 62
net1032 2
  55 42
  53 39
net1033 3
  71 32
  75 32
  71 37
net1034 2
  9 17
  5 16
net1035 2
  82 17
  80 15
net1036 4
  44 8
  45 4
  47 6
  42 5
net1037 3
  54 57
  50 58
  56 57
net1038 2
  24 36
  22 37
net1039 3
  77 50
  77 53
  80 51
net1040 2
  13 39
  18 39
net1041 4
  4 28
  5 30
  9 28
  7 27
net1042 3
  50 25
  50 28
  47 26
net1043 3
  17 25
  17 29
  18 25
net1044 3
  53 63
  54 59
  50 62
net1045 3
  2 10
  0 12
  3 8
net1046 3
  24 46
  23 43
  24 43
net1047 4
  2 34
  6 33
  4 35
  1 38
net1048 4
  45 59
  45 56
  40 59
  48 60
net1049 2
  81 22
  76 22
net1050 4
  44 9
  44 13
  46 6
  45 13
net1051 3
  1 49
  1 53
  1 52
net1052 2
  25 2
  22 2
net1053 4
  0 27
  0 30
  5 27
  1 24
net1054 3
  38 52
  37 50
  37 54
net1055 2
  81 63
  81 58
net1056 3
  55 28
  57 28
  55 30
net1057 4
  7 14
  7 12
  4 14
  4 16
net1058 4
  71 60
  71 55
  72 58
  69 61
net1059 4
  56 18
  51 18
  56 21
  53 19
net1060 3
  4 0
  0 0
  7 1
net1061 4
  38 26
  36 24
  37 26
  34 26
net1062 2
  61 56
  61 59
net1063 3
  64 31
  63 29
  65 35
net1064 2
  61 6
  63 6
net1065 4
  87 40
  83 39
  87 36
  84 41
net1066 4
  62 50
  61 53
  65 48
  62 52
net1067 3
  68 1
  73 1
  68 4
net1068 3
  90 35
  89 35
  92 36
net1069 3
  48 52
  51 51
  47 55
net1070 4
  68 61
  66 62
  68 56
  69 63
net1071 4
  83 11
  85 8
  83 8
  83 12
net1072 2
  42 15
  42 17
net1073 4
  39 22
  39 17
  42 20
  41 21
net1074 3
  71 14
  75 15
  70 16
net1075 3
  7 26
  10 24
  6 30
net1076 3
  8 56
  11 57
  3 56
net1077 2
  52 28
  54 31
net1078 4
  49 7
  49 4
  51 7
  50 11
net1079 4
  12 54
  9 56
  11 58
  12 49
net1080 2
  18 7
  22 8
net1081 2
  95 20
  94 22
net1082 4
  40 31
  35 31
  39 30
  42 29
net1083 3
  29 6
  30 5
  28 10
net1084 4
  49 16
  50 17
  48 19
  48 18
net1085 3
  29 40
  28 44
  30 42
net1086 3
  5 11
  1 10
  5 6
net1087 2
  16 14
  15 14
net1088 3
  87 49
  88 47
  86 48
net1089 4
  83 9
  85 10
  82 11
  84 8
net1090 3
  21 42
  18 40
  21 45
net1091 4
  49 38
  47 38
  50 38
  52 40
net1092 4
  40 62
  41 62
  36 61
  37 63
net1093 2
  6 0
  9 0
net1094 3
  36 54
  33 54
  37 51
net1095 4
  52 5
  49 5
  47 5
  53 7
net1096 3
  74 21
  72 21
  78 22
net1097 3
  2 23
  4 25
  4 22
net1098 3
  84 11
  86 8
  86 11
net1099 4
  79 5
  77 5
  80 1
  80 5
net1100 2
  68 48
  65 50
net1101 2
  38 13
  40 16
net1102 2
  1 51
  5 52
net1103 2
  85 31
  83 31
net1104 3
  81 14
  84 15
  83 14
net1105 2
  15 23
  11 22
net1106 4
  13 28
  12 30
  14 29
  10 29
net1107 2
  57 29
  58 26
net1108 3
  81 12
  84 10
  86 12
net1109 2
  46 55
  48 54
net1110 2
  54 10
  50 9
net1111 2
  76 18
  73 18
net1112 3
  73 35
  73 33
  77 34
net1113 4
  22 18
  22 16
  24 16
  20 20
net1114 3
  57 24
  61 25
  59 27
net1115 3
  28 13
  29 15
  32 14
net1116 3
  88 9
  85 7
  90 11
net1117 4
  46 0
  43 0
  47 2
  45 2
net1118 2
  52 59
  53 62
net1119 4
  65 14
  65 13
  67 15
  68 15
net1120 4
  7 39
  8 42
  6 38
  3 40
net1121 3
  64 56
  68 55
  64 55
net1122 4
  32 13
  29 11
  32 17
  31 12
net1123 3
  71 42
  69 44
  66 42
net1124 4
  50 54
  50 49
  51 52
  45 54
net1125 3
  91 1
  87 2
  92 5
net1126 4
  87 26
  84 24
  83 27
  87 25
net1127 4
  30 30
  33 29
  29 31
  33 30
net1128 4
  24 40
  27 42
  20 39
  25 40
net1129 3
  79 30
  78 33
  80 26
net1130 2
  68 2
  71 4
net1131 4
  62 33
  64 32
  61 31
  58 33
net1132 4
  88 41
  88 45
  93 41
  90 42
net1133 2
  6 18
  10 18
net1134 3
  78 60
  78 55
  83 60
net1135 3
  21 24
  19 27
  25 23
net1136 2
  78 1
  77 1
net1137 4
  22 34
  20 36
  24 33
  21 38
net1138 4
  45 18
  45 15
  43 15
  46 14
net1139 2
  48 47
  50 50
net1140 2
  79 23
  79 18
net1141 2
  70 61
  67 61
net1142 3
  59 31
  57 34
  56 30
net1143 2
  75 24
  75 28
net1144 2
  19 1
  22 1
net1145 4
  62 41
  60 38
  64 44
  60 43
net1146 3
  79 12
  78 13
  79 15
net1147 4
  17 17
  20 16
  19 17
  19 14
net1148 4
  75 0
  74 4
  71 0
  77 2
net1149 4
  15 25
  14 27
  15 27
  13 24
net1150 4
  85 37
  85 42
  82 35
  83 35
net1151 4
  92 17
  94 17
  90 18
  89 17
net1152 2
  37 5
  38 6
net1153 2
  33 24
  35 25
net1154 2
  20 50
  24 51
net1155 4
  53 42
  55 43
  52 42
  52 38
net1156 2
  6 39
  6 40
net1157 3
  10 34
  10 35
  9 36
net1158 4
  45 31
  47 28
  43 28
  49 30
net1159 4
  91 44
  92 43
  94 44
  90 46
net1160 2
  84 1
  87 0
net1161 4
  40 45
  41 46
  42 45
  44 45
net1162 4
  8 46
  10 49
  4 46
  9 49
net1163 2
  10 14
  11 16
net1164 3
  19 26
  20 22
  22 25
net1165 2
  45 3
  48 4
net1166 2
  12 2
  13 2
net1167 2
  17 51
  12 51
net1168 2
  34 51
  34 49
net1169 2
  44 37
  44 35
net1170 3
  4 31
  3 31
  3 30
net1171 3
  18 49
  20 51
  15 50
net1172 2
  80 12
  83 13
net1173 4
  42 63
  43 62
  43 60
  42 58
net1174 3
  20 24
  20 27
  18 22
net1175 4
  40 18
  36 18
  37 17
  43 20
net1176 2
  57 53
  58 56
net1177 2
  33 9
  35 10
net1178 4
  56 31
  59 29
  58 31
  54 33
net1179 3
  8 30
  10 33
  8 28
net1180 3
  24 41
  26 44
  25 38
net1181 3
  81 24
  78 26
  84 26
net1182 4
  68 0
  71 2
  72 0
  67 3
net1183 4
  44 43
  43 44
  44 48
  46 44
net1184 2
  39 2
  42 1
net1185 4
  88 32
  87 35
  89 28
  87 30
net1186 3
  17 63
  21 62
  20 63
net1187 2
  54 17
  53 20
net1188 4
  17 27
  17 23
  20 25
  18 31
net1189 4
  67 49
  68 50
  69 48
  71 50
net1190 4
  26 48
  26 43
  29 47
  24 47
net1191 2
  46 56
  48 55
net1192 4
  75 18
  75 20
  73 15
  75 19
net1193 4
  15 28
  13 29
  16 28
  14 30
net1194 2
  20 61
  22 63
net1195 4
  59 23
  59 18
  56 25
  59 19
net1196 2
  16 18
  15 17
net1197 2
  0 46
  0 41
net1198 3
  66 3
  66 2
  64 4
net1199 3
  52 20
  53 16
  52 23
net1200 3
  27 29
  26 25
  26 26
net1201 3
  64 51
  64 52
  62 51
net1202 2
  57 20
  56 17
net1203 3
  0 63
  0 58
  1 59
net1204 2
  19 29
  22 29
net1205 4
  17 34
  21 33
  17 37
  17 38
net1206 4
  94 25
  93 26
  93 23
  91 27
net1207 3
  78 0
  74 0
  83 0
net1208 3
  82 42
  81 41
  87 42
net1209 3
  27 36
  26 32
  26 35
net1210 3
  87 63
  87 59
  84 62
net1211 3
  0 57
  2 55
  3 59
net1212 4
  80 41
  82 43
  76 40
  84 40
net1213 3
  2 63
  3 60
  3 61
net1214 2
  40 7
  41 7
net1215 4
  93 2
  92 3
  92 4
  90 3
net1216 3
  87 47
  92 47
  84 49
net1217 3
  17 9
  14 9
  17 7
net1218 3
  73 28
  76 30
  71 27
net1219 4
  74 6
  76 7
  75 5
  75 4
net1220 4
  21 55
  22 58
  21 53
  19 52
net1221 3
  27 13
  27 8
  26 11
net1222 3
  42 4
  44 6
  39 3
net1223 3
  56 59
  53 58
  60 59
net1224 3
  81 48
  80 52
  83 49
net1225 4
  63 49
  60 50
  63 51
  59 49
net1226 2
  14 28
  16 25
net1227 4
  37 6
  36 7
  36 3
  39 8
net1228 2
  85 41
  86 37
net1229 4
  92 33
  89 33
  93 31
  93 35
net1230 4
  58 49
  58 44
  59 48
  54 49
net1231 4
  55 24
  55 19
  53 24
  54 27
net1232 2
  76 37
  78 40
net1233 4
  48 62
  48 63
  50 60
  48 58
net1234 3
  63 28
  62 31
  63 27
net1235 3
  18 14
  15 12
  14 15
net1236 4
  80 34
  79 32
  81 37
  78 36
net1237 3
  19 8
  21 7
  18 9
net1238 2
  16 51
  16 52
net1239 3
  4 21
  6 24
  2 24
net1240 4
  51 17
  48 15
  53 18
  48 17
net1241 4
  81 32
  78 31
  83 34
  81 28
net1242 2
  26 41
  29 41
net1243 4
  42 14
  40 13
  41 14
  45 16
net1244 3
  63 60
  62 56
  61 60
net1245 4
  49 3
  49 2
  50 6
  46 3
net1246 2
  21 31
  19 31
net1247 3
  23 52
  23 54
  22 48
net1248 4
  76 16
  76 17
  80 17
  78 14
net1249 2
  43 23
  41 25
net1250 2
  3 41
  5 44
net1251 3
  63 58
  63 59
  59 58
net1252 4
  14 3
  13 0
  10 2
  14 0
net1253 2
  53 36
  56 35
net1254 4
  40 53
  36 52
  40 50
  42 50
net1255 4
  68 40
  63 40
  70 41
  72 39
net1256 3
  93 33
  95 30
  90 34
net1257 4
  37 32
  39 31
  40 30
  40 33
net1258 2
  91 17
  92 20
net1259 3
  22 60
  25 62
  23 59
net1260 4
  0 22
  1 19
  0 21
  1 18
net1261 3
  51 49
  49 48
  53 48
net1262 3
  26 18
  23 16
  28 21
net1263 3
  33 4
  36 6
  34 5
net1264 4
  59 60
  59 55
  60 63
  58 59
net1265 3
  36 27
  38 28
  37 31
net1266 3
  48 11
  48 7
  48 9
net1267 4
  33 18
  32 21
  35 19
  32 18
net1268 4
  79 25
  74 25
  77 27
  77 25
net1269 2
  46 51
  48 50
net1270 2
  51 23
  49 20
net1271 3
  44 26
  40 27
  45 28
net1272 2
  32 63
  34 62
net1273 4
  71 52
  74 51
  73 49
  72 54
net1274 4
  64 63
  67 62
  65 61
  60 62
net1275 3
  26 51
  25 48
  25 54
net1276 2
  57 62
  58 62
net1277 2
  70 13
  67 12
net1278 3
  46 42
  49 42
  48 45
net1279 4
  15 61
  18 60
  16 63
  16 60
net1280 2
  38 62
  39 58
net1281 2
  1 50
  2 49
net1282 2
  77 41
  74 39
net1283 3
  54 0
  59 0
  53 4
net1284 2
  24 38
  25 35
net1285 3
  12 58
  7 58
  13 62
net1286 3
  83 3
  82 6
  85 1
net1287 4
  60 51
  58 50
  59 52
  62 53
net1288 3
  51 13
  55 14
  49 14
net1289 4
  17 35
  16 39
  16 34
  13 35
net1290 3
  42 30
  39 28
  43 32
net1291 3
  90 1
  92 2
  89 3
net1292 2
  21 12
  18 11
net1293 2
  40 58
  38 59
net1294 3
  11 39
  12 40
  15 40
net1295 4
  25 16
  30 16
  25 20
  26 14
net1296 4
  24 7
  25 11
  28 7
  25 8
net1297 4
  50 33
  48 31
  53 35
  51 29
net1298 3
  84 2
  86 4
  82 2
net1299 4
  78 51
  79 49
  79 50
  76 54
net1300 4
  78 28
  82 29
  81 29
  77 32
net1301 2
  40 37
  39 37
net1302 2
  78 10
  79 10
net1303 2
  28 12
  30 10
net1304 2
  74 63
  72 63
net1305 4
  80 8
  82 9
  80 13
  78 9
net1306 4
  54 20
  54 16
  56 23
  57 19
net1307 4
  27 20
  29 20
  27 15
  29 19
net1308 3
  31 57
  32 53
  32 55
net1309 3
  86 6
  90 7
  87 6
net1310 4
  56 9
  59 7
  57 8
  56 14
net1311 4
  5 54
  6 50
  4 58
  2 56
net1312 4
  57 61
  58 61
  57 60
  54 62
net1313 2
  64 21
  60 21
net1314 2
  56 8
  56 10
net1315 3
  46 31
  45 30
  46 33
net1316 2
  87 57
  90 55
net1317 4
  31 46
  30 43
  28 47
  28 46
net1318 2
  94 49
  94 51
net1319 4
  25 52
  25 56
  25 49
  23 50
net1320 2
  67 43
  69 45
net1321 3
  30 53
  31 53
  31 54
net1322 2
  36 15
  37 13
net1323 3
  48 12
  50 12
  48 13
net1324 4
  38 43
  37 46
  38 44
  41 45
net1325 2
  64 22
  64 24
net1326 2
  30 27
  29 25
net1327 4
  57 42
  57 37
  58 43
  54 43
net1328 2
  89 31
  90 29
net1329 2
  23 25
  27 26
net1330 3
  72 4
  72 7
  70 1
net1331 4
  87 46
  90 45
  85 44
  87 45
net1332 4
  29 38
  32 38
  30 41
  29 42
net1333 3
  90 62
  88 60
  92 60
net1334 4
  4 48
  0 47
  4 43
  3 50
net1335 3
  51 33
  53 31
  47 34
net1336 3
  12 3
  10 5
  8 3
net1337 2
  86 56
  88 56
net1338 2
  9 32
  7 30
net1339 4
  45 45
  45 48
  45 50
  43 48
net1340 3
  4 3
  5 0
  5 4
net1341 2
  30 38
  31 35
net1342 2
  68 25
  71 26
net1343 2
  27 46
  30 45
net1344 2
  29 0
  25 0
net1345 4
  43 45
  42 41
  44 41
  45 42
net1346 2
  30 52
  30 56
net1347 4
  84 13
  86 10
  85 16
  83 16
net1348 3
  62 59
  62 54
  63 55
net1349 4
  70 58
  73 58
  69 55
  69 60
net1350 4
  85 28
  85 25
  83 30
  85 26
net1351 4
  70 24
  69 25
  71 28
  70 20
net1352 3
  43 54
  43 57
  43 50
net1353 2
  88 51
  86 52
net1354 2
  49 37
  54 37
net1355 4
  5 61
  7 60
  2 60
  9 62
net1356 3
  24 28
  21 29
  21 30
net1357 2
  31 62
  35 63
net1358 3
  40 44
  39 47
  38 45
net1359 2
  58 2
  55 3
net1360 3
  84 14
  83 18
  84 18
net1361 2
  61 10
  57 10
net1362 2
  1 57
  0 59
net1363 3
  52 29
  54 30
  50 32
net1364 4
  24 27
  24 25
  25 27
  21 26
net1365 2
  70 54
  69 58
net1366 3
  47 47
  46 50
  46 47
net1367 4
  84 19
  82 20
  88 18
  80 18
net1368 4
  39 44
  39 39
  39 42
  36 46
net1369 2
  19 33
  19 34
net1370 4
  75 25
  73 24
  74 24
  74 28
net1371 4
  90 14
  92 14
  87 15
  92 15
net1372 4
  18 48
  23 48
  21 50
  18 46
net1373 3
  4 10
  4 12
  7 9
net1374 3
  75 9
  71 8
  75 12
net1375 2
  89 50
  85 51
net1376 4
  22 38
  19 39
  20 35
  18 38
net1377 4
  17 43
  12 43
  16 40
  15 44
net1378 3
  52 39
  48 39
  53 38
net1379 4
  15 58
  13 61
  18 56
  16 55
net1380 3
  63 1
  61 4
  58 1
net1381 3
  9 8
  10 10
  9 12
net1382 4
  79 13
  77 11
  75 13
  78 15
net1383 4
  61 8
  60 12
  61 11
  59 5
net1384 4
  64 62
  62 61
  63 63
  64 57
net1385 2
  77 58
  77 54
net1386 3
  95 28
  90 28
  94 26
net1387 4
  2 59
  2 57
  4 59
  2 54
net1388 2
  89 15
  86 17
net1389 2
  9 51
  6 51
net1390 2
  81 25
  80 21
net1391 2
  64 60
  63 62
net1392 3
  16 42
  19 44
  14 44
net1393 2
  20 62
  21 59
net1394 2
  30 11
  31 13
net1395 2
  14 38
  16 36
net1396 3
  21 58
  24 58
  22 55
net1397 3
  93 3
  92 7
  94 6
net1398 4
  15 21
  13 18
  18 20
  18 23
net1399 2
  17 45
  16 47
net1400 2
  11 15
  13 17
net1401 3
  34 59
  35 60
  35 59
net1402 3
  62 60
  66 59
  59 62
net1403 3
  62 21
  61 22
  64 23
net1404 4
  92 59
  93 62
  91 60
  89 57
net1405 3
  44 27
  39 27
  45 29
net1406 3
  87 33
  86 32
  86 33
net1407 4
  27 55
  27 50
  29 58
  24 57
net1408 2
  66 51
  63 50
net1409 4
  20 46
  17 47
  18 44
  19 48
net1410 3
  25 43
  28 43
  25 47
net1411 2
  33 49
  33 45
net1412 2
  16 45
  19 43
net1413 2
  28 58
  28 55
net1414 2
  7 37
  6 34
net1415 4
  31 60
  30 58
  30 60
  30 62
net1416 4
  83 53
  82 56
  82 57
  82 52
net1417 2
  55 9
  56 11
net1418 2
  49 15
  47 14
net1419 2
  72 32
  71 31
net1420 3
  73 60
  71 61
  76 59
net1421 3
  78 56
  80 54
  78 61
net1422 3
  13 55
  14 57
  11 53
net1423 4
  58 22
  56 19
  61 24
  55 20
net1424 4
  67 8
  66 12
  68 9
  66 4
net1425 2
  66 27
  65 29
net1426 2
  78 30
  77 30
net1427 4
  24 1
  25 5
  27 0
  24 3
net1428 3
  93 0
  88 0
  89 1
net1429 4
  9 11
  7 11
  12 10
  11 12
net1430 2
  11 21
  9 20
net1431 4
  0 16
  1 16
  0 13
  0 11
net1432 4
  18 42
  17 39
  20 40
  21 41
net1433 4
  29 43
  33 42
  25 44
  26 45
net1434 2
  36 60
  39 61
net1435 3
  63 20
  65 22
  60 22
net1436 3
  79 51
  80 55
  75 50
net1437 3
  27 11
  24 11
  27 10
net1438 2
  51 50
  52 53
net1439 4
  86 47
  85 47
  86 42
  86 46
net1440 3
  0 34
  0 36
  2 35
net1441 2
  92 49
  90 50
net1442 3
  60 56
  60 55
  61 57
net1443 3
  65 51
  65 49
  63 48
net1444 4
  39 23
  37 21
  40 22
  35 23
net1445 3
  43 56
  42 53
  40 55
net1446 2
  40 42
  37 42
net1447 3
  58 23
  60 25
  56 20
net1448 2
  6 9
  6 8
net1449 2
  9 21
  9 26
net1450 2
  87 1
  88 4
net1451 2
  52 55
  57 55
net1452 4
  37 19
  37 15
  35 21
  34 18
net1453 3
  45 43
  45 40
  42 44
net1454 2
  30 63
  30 59
net1455 4
  33 46
  32 42
  32 48
  34 42
net1456 4
  22 10
  26 10
  24 10
  23 10
net1457 2
  34 27
  31 29
net1458 4
  56 45
  59 45
  56 42
  57 46
net1459 4
  79 28
  77 31
  80 31
  81 27
net1460 3
  35 46
  35 50
  38 48
net1461 3
  91 48
  92 52
  93 49
net1462 2
  72 38
  72 35
net1463 2
  35 14
  34 17
net1464 3
  20 49
  19 49
  21 46
net1465 3
  13 19
  12 19
  10 19
net1466 3
  27 12
  28 11
  29 12
net1467 3
  0 62
  1 63
  4 63
net1468 2
  33 13
  29 14
net1469 4
  92 28
  95 29
  88 29
  90 30
net1470 3
  67 54
  67 52
  71 54
net1471 4
  3 19
  5 19
  3 16
  2 20
net1472 2
  42 27
  45 25
net1473 2
  18 28
  17 31
net1474 4
  62 40
  63 41
  61 38
  61 37
net1475 2
  30 20
  34 21
net1476 2
  56 46
  55 50
net1477 3
  71 18
  66 18
  74 18
net1478 3
  31 51
  29 54
  32 49
net1479 3
  51 41
  54 41
  48 41
net1480 2
  80 43
  81 40
net1481 2
  22 28
  21 28
net1482 3
  60 52
  59 56
  62 49
net1483 3
  11 49
  11 44
  9 47
net1484 3
  36 36
  34 38
  35 39
net1485 2
  23 15
  23 13
net1486 4
  85 6
  87 8
  88 7
  84 3
net1487 3
  12 20
  14 17
  12 24
net1488 4
  92 46
  92 51
  93 42
  94 45
net1489 3
  72 15
  71 12
  77 15
net1490 2
  17 28
  15 29
net1491 3
  5 43
  2 44
  5 48
net1492 4
  86 38
  87 41
  89 36
  88 40
net1493 3
  62 17
  57 17
  63 18
net1494 4
  49 60
  49 63
  50 56
  52 60
net1495 2
  72 1
  74 2
net1496 3
  81 62
  80 58
  82 61
net1497 2
  60 42
  61 40
net1498 2
  75 37
  73 36
net1499 4
  36 51
  36 53
  34 50
  39 52
net1500 2
  88 54
  87 53
net1501 4
  69 43
  70 42
  67 42
  66 41
net1502 2
  14 62
  13 58
net1503 4
  55 13
  54 13
  56 13
  57 12
net1504 2
  36 4
  40 5
net1505 3
  46 16
  44 15
  50 16
net1506 3
  14 34
  13 33
  15 31
net1507 4
  3 55
  2 52
  4 57
  5 53
net1508 4
  26 8
  22 9
  27 9
  24 9
net1509 4
  67 26
  66 26
  66 24
  69 29
net1510 2
  15 56
  17 53
net1511 2
  41 2
  41 5
net1512 4
  45 49
  44 49
  48 48
  43 52
net1513 3
  64 5
  63 8
  67 7
net1514 3
  35 15
  35 20
  38 17
net1515 4
  27 22
  30 21
  27 19
  25 21
net1516 3
  67 6
  65 6
  71 5
net1517 4
  5 39
  6 43
  9 38
  3 37
net1518 4
  10 40
  11 37
  9 43
  9 42
net1519 3
  26 55
  28 56
  27 58
net1520 2
  44 38
  46 38
net1521 3
  2 13
  0 14
  1 17
net1522 4
  70 9
  72 9
  72 10
  69 5
net1523 4
  20 4
  18 1
  19 0
  22 5
net1524 3
  58 57
  59 54
  60 54
net1525 2
  34 16
  33 17
net1526 3
  61 30
  58 32
  66 30
net1527 4
  33 60
  35 57
  36 62
  30 61
net1528 4
  66 23
  65 27
  67 22
  66 22
net1529 3
  61 51
  59 51
  57 50
net1530 2
  79 39
  75 39
net1531 3
  93 16
  93 20
  88 16
net1532 2
  87 10
  85 12
net1533 4
  38 33
  38 37
  42 33
  41 34
net1534 2
  10 15
  11 11
net1535 4
  77 37
  79 37
  80 36
  79 38
net1536 2
  67 0
  67 5
net1537 4
  79 62
  80 63
  76 62
  81 61
net1538 3
  62 26
  60 23
  61 28
net1539 2
  4 34
  7 34
net1540 3
  67 19
  65 16
  69 18
net1541 2
  22 56
  21 54
net1542 4
  76 58
  79 56
  73 57
  74 60
net1543 2
  49 26
  52 24
net1544 4
  66 29
  65 26
  65 30
  65 31
net1545 4
  15 9
  14 13
  14 7
  16 13
net1546 2
  89 20
  93 21
net1547 3
  93 17
  93 13
  94 18
net1548 2
  27 4
  23 4
net1549 4
  60 57
  58 54
  59 59
  63 57
net1550 4
  71 16
  69 19
  70 18
  72 12
net1551 2
  68 20
  65 20
net1552 2
  14 46
  14 50
net1553 4
  4 61
  5 63
  8 62
  7 59
net1554 4
  36 56
  38 55
  35 55
  36 59
net1555 4
  89 34
  87 32
  87 34
  90 31
net1556 2
  7 29
  8 25
net1557 3
  44 53
  47 53
  44 50
net1558 3
  37 22
  36 21
  39 20
net1559 2
  87 27
  90 25
net1560 3
  29 48
  27 45
  31 45
net1561 3
  33 51
  35 53
  33 55
net1562 3
  20 13
  24 12
  22 13
net1563 2
  8 4
  7 2
net1564 3
  21 35
  24 34
  20 33
net1565 2
  49 50
  46 52
net1566 3
  41 31
  40 28
  41 35
net1567 2
  92 57
  94 59
net1568 2
  25 25
  24 24
net1569 4
  69 24
  72 23
  69 23
  66 25
net1570 2
  12 12
  14 14
net1571 3
  38 2
  40 1
  42 2
net1572 2
  49 10
  53 9
net1573 2
  28 60
  29 57
net1574 4
  74 52
  70 52
  71 51
  73 53
net1575 3
  93 58
  90 56
  91 56
net1576 3
  24 61
  23 63
  20 60
net1577 4
  4 13
  8 14
  1 15
  2 14
net1578 4
  87 18
  88 22
  86 21
  85 18
net1579 4
  58 40
  57 43
  60 41
  57 41
net1580 3
  29 59
  27 61
  28 59
net1581 4
  17 20
  21 21
  16 20
  14 21
net1582 4
  2 40
  3 36
  1 41
  4 37
net1583 2
  8 21
  12 22
net1584 3
  68 51
  69 49
  68 46
net1585 4
  27 39
  26 42
  27 38
  23 38
net1586 2
  76 32
  73 34
net1587 2
  29 13
  25 12
net1588 4
  27 7
  29 10
  28 9
  32 7
net1589 3
  62 3
  62 0
  57 3
net1590 3
  69 41
  67 39
  71 41
net1591 3
  70 5
  70 6
  69 6
net1592 2
  94 58
  93 56
net1593 3
  41 13
  38 12
  39 14
net1594 2
  11 5
  7 4
net1595 2
  0 32
  0 33
net1596 2
  74 31
  75 27
net1597 4
  28 61
  26 62
  28 57
  33 61
net1598 2
  69 3
  70 3
net1599 2
  10 46
  8 43
net1600 4
  25 36
  25 39
  27 33
  26 40
net1601 3
  57 0
  61 0
  60 2
net1602 2
  40 34
  39 35
net1603 4
  69 50
  73 51
  69 47
  66 49
net1604 3
  84 42
  85 46
  84 39
net1605 2
  6 27
  8 27
net1606 2
  33 57
  32 59
net1607 3
  55 32
  56 32
  59 33
net1608 3
  26 39
  24 39
  22 40
net1609 3
  9 60
  6 62
  10 61
net1610 3
  31 34
  30 32
  31 31
net1611 4
  16 26
  18 29
  11 26
  16 21
net1612 2
  21 56
  23 58
net1613 4
  17 54
  18 52
  16 53
  15 51
net1614 4
  41 30
  36 30
  41 28
  43 31
net1615 3
  51 46
  50 46
  51 42
net1616 4
  15 35
  17 33
  15 39
  14 37
net1617 4
  56 16
  55 17
  54 14
  59 14
net1618 3
  39 50
  43 51
  42 51
net1619 3
  31 40
  33 41
  32 36
net1620 4
  86 54
  91 54
  88 57
  88 55
net1621 3
  81 36
  77 36
  83 38
net1622 3
  57 44
  56 44
  53 44
net1623 3
  30 14
  34 15
  32 16
net1624 2
  25 15
  23 14
net1625 2
  40 54
  44 54
net1626 2
  34 2
  32 2
net1627 3
  19 53
  20 55
  20 52
net1628 3
  80 33
  75 33
  79 35
net1629 4
  34 43
  32 44
  37 41
  33 44
net1630 3
  2 48
  3 44
  6 47
net1631 2
  67 45
  70 45
net1632 3
  10 31
  13 32
  10 28
net1633 3
  19 18
  20 14
  18 19
net1634 3
  15 53
  16 57
  17 55
net1635 3
  10 41
  14 41
  12 38
net1636 4
  14 16
  10 16
  14 20
  16 15
net1637 2
  36 29
  33 31
net1638 4
  52 62
  51 59
  50 63
  55 60
net1639 2
  23 44
  22 47
net1640 2
  48 37
  51 39
net1641 3
  50 27
  47 25
  49 25
net1642 3
  22 15
  22 17
  22 20
net1643 3
  92 63
  90 63
  93 59
net1644 3
  4 49
  6 46
  4 45
net1645 3
  85 55
  83 56
  82 53
net1646 4
  4 19
  6 21
  3 20
  3 15
net1647 3
  1 60
  2 58
  1 62
net1648 2
  10 42
  7 41
net1649 2
  72 53
  72 57
net1650 2
  63 56
  67 56
net1651 2
  88 5
  88 8
net1652 4
  51 6
  53 5
  49 9
  53 3
net1653 2
  89 11
  91 13
net1654 3
  36 32
  38 32
  37 35
net1655 4
  16 0
  17 3
  14 1
  20 0
net1656 3
  14 49
  15 47
  12 52
net1657 2
  57 51
  53 51
net1658 4
  47 9
  49 12
  47 12
  43 9
net1659 4
  32 61
  31 63
  37 61
  33 59
net1660 3
  6 5
  5 5
  9 4
net1661 4
  30 12
  35 12
  32 11
  26 12
net1662 3
  50 59
  52 58
  49 57
net1663 2
  87 52
  85 54
net1664 2
  8 37
  11 38
net1665 2
  16 35
  16 30
net1666 2
  86 62
  87 61
net1667 4
  90 58
  89 59
  89 61
  87 58
net1668 4
  24 26
  24 23
  23 26
  24 30
net1669 3
  42 12
  40 10
  40 15
net1670 2
  14 22
  12 21
net1671 2
  67 29
  68 32
net1672 2
  0 24
  3 25
net1673 3
  51 27
  53 26
  51 26
net1674 3
  38 39
  38 40
  36 37
net1675 3
  72 40
  72 42
  67 40
net1676 3
  51 45
  52 41
  50 44
net1677 4
  92 39
  94 41
  91 35
  91 36
net1678 2
  63 0
  60 1
net1679 2
  10 62
  5 62
net1680 3
  21 60
  19 60
  19 57
net1681 2
  4 30
  4 32
net1682 3
  68 43
  67 44
  67 47
net1683 2
  1 34
  0 31
net1684 2
  2 16
  7 16
net1685 4
  26 24
  25 22
  24 21
  25 26
net1686 2
  6 29
  9 29
net1687 3
  89 63
  88 61
  91 61
net1688 2
  5 37
  5 38
net1689 4
  47 61
  47 57
  47 63
  47 60
net1690 3
  37 53
  38 51
  34 55
net1691 2
  65 21
  65 23
net1692 2
  36 16
  41 16
net1693 4
  25 10
  29 9
  22 11
  23 7
net1694 2
  80 56
  75 56
net1695 3
  54 36
  56 37
  56 34
net1696 4
  77 12
  79 14
  73 11
  80 14
net1697 2
  52 25
  48 26
net1698 2
  39 48
  40 47
net1699 3
  50 31
  47 31
  50 29
net1700 2
  51 8
  54 9
net1701 4
  34 37
  31 37
  31 39
  34 40
net1702 3
  26 6
  22 7
  25 3
net1703 4
  10 26
  6 25
  10 21
  10 22
net1704 3
  67 1
  67 4
  65 2
net1705 2
  80 49
  78 47
net1706 3
  19 7
  20 6
  23 6
net1707 4
  92 27
  92 24
  88 27
  91 23
net1708 2
  64 43
  64 47
net1709 2
  35 62
  34 63
net1710 4
  28 20
  28 18
  29 21
  31 19
net1711 3
  51 57
  51 61
  51 53
net1712 3
  56 51
  57 52
  55 47
net1713 4
  37 10
  40 8
  36 8
  35 7
net1714 2
  80 19
  78 18
net1715 3
  55 62
  55 59
  56 60
net1716 2
  57 14
  58 15
net1717 2
  58 13
  57 15
net1718 3
  62 46
  60 46
  61 49
net1719 3
  72 41
  71 45
  73 38
net1720 3
  14 18
  13 20
  9 18
net1721 2
  62 45
  59 47
net1722 2
  35 49
  37 49
net1723 2
  5 46
  7 47
net1724 4
  41 37
  40 36
  39 40
  39 38
net1725 2
  93 14
  95 13
net1726 2
  18 13
  18 18
net1727 2
  3 32
  2 31
net1728 2
  64 13
  64 15
net1729 2
  12 62
  13 59
net1730 4
  40 11
  38 14
  35 11
  39 10
net1731 2
  4 7
  2 7
net1732 3
  57 2
  56 1
  59 3
net1733 4
  16 58
  20 59
  17 62
  16 62
net1734 3
  41 1
  44 2
  40 0
net1735 2
  55 45
  55 49
net1736 2
  30 0
  32 3
net1737 4
  18 21
  20 18
  21 20
  21 23
net1738 2
  73 29
  73 26
net1739 4
  71 44
  70 43
  68 44
  68 45
net1740 4
  32 0
  31 1
  33 2
  36 1
net1741 4
  0 3
  2 2
  0 5
  1 3
net1742 3
  85 20
  83 20
  87 19
net1743 4
  92 8
  90 10
  93 8
  91 4
net1744 3
  6 10
  9 10
  2 11
net1745 2
  56 50
  58 48
net1746 2
  59 8
  63 9
net1747 2
  86 61
  84 60
net1748 4
  11 18
  12 18
  11 17
  11 19
net1749 3
  70 10
  67 9
  74 11
net1750 2
  76 44
  76 46
net1751 4
  84 63
  84 59
  85 61
  79 63
net1752 2
  23 55
  24 56
net1753 2
  66 11
  67 13
net1754 3
  94 52
  93 51
  94 50
net1755 3
  11 14
  12 15
  10 12
net1756 3
  85 27
  89 26
  84 30
net1757 2
  11 62
  10 60
net1758 2
  62 12
  58 11
net1759 3
  43 7
  45 6
  42 8
net1760 3
  68 12
  70 11
  68 10
net1761 4
  89 60
  91 63
  93 61
  90 57
net1762 4
  9 7
  10 3
  13 6
  7 7
net1763 2
  8 1
  10 0
net1764 4
  64 26
  62 29
  63 26
  62 25
net1765 4
  76 5
  76 10
  75 6
  77 3
net1766 2
  55 2
  57 4
net1767 2
  3 6
  1 5
net1768 3
  27 62
  27 57
  28 63
net1769 3
  79 31
  82 33
  77 33
net1770 4
  31 26
  29 26
  30 28
  35 27
net1771 3
  59 37
  57 36
  59 34
net1772 3
  42 31
  44 30
  44 31
net1773 2
  74 53
  71 53
net1774 4
  36 57
  37 58
  40 57
  37 56
net1775 4
  40 3
  43 2
  42 6
  35 3
net1776 3
  94 15
  90 15
  95 14
net1777 3
  12 63
  9 61
  14 61
net1778 4
  86 57
  87 56
  84 54
  85 57
net1779 2
  60 36
  58 37
net1780 2
  25 58
  25 59
net1781 4
  80 25
  80 20
  78 25
  78 23
net1782 3
  34 57
  39 57
  36 55
net1783 2
  6 42
  4 39
net1784 2
  48 5
  46 4
net1785 3
  73 56
  71 56
  70 56
net1786 3
  55 34
  54 35
  54 38
net1787 2
  72 49
  70 47
net1788 4
  77 29
  78 29
  74 30
  74 27
net1789 4
  55 57
  54 61
  59 57
  50 57
net1790 3
  29 36
  28 38
  32 34
net1791 3
  2 61
  1 58
  0 61
net1792 2
  0 8
  4 9
net1793 3
  28 16
  24 15
  26 15
net1794 3
  74 47
  74 42
  74 45
net1795 4
  2 6
  2 3
  4 6
  1 8
net1796 3
  33 5
  32 5
  31 7
net1797 2
  32 52
  35 52
net1798 2
  77 13
  79 16
net1799 3
  85 43
  85 40
  84 47
net1800 4
  38 63
  33 63
  41 61
  39 60
net1801 2
  48 44
  50 47
net1802 4
  58 0
  54 1
  59 2
  56 0
net1803 4
  23 31
  23 27
  25 30
  23 29
net1804 3
  35 36
  35 33
  38 35
net1805 3
  23 40
  25 41
  21 37
net1806 4
  2 28
  6 28
  4 27
  1 29
net1807 2
  62 1
  64 0
net1808 4
  70 4
  69 2
  69 1
  70 2
net1809 4
  90 13
  89 13
  89 14
  91 10
net1810 2
  9 41
  8 39
net1811 2
  79 60
  78 63
net1812 4
  63 23
  59 24
  67 23
  62 19
net1813 3
  82 31
  81 30
  84 31
net1814 2
  4 15
  2 12
net1815 3
  42 37
  41 38
  43 37
net1816 2
  82 36
  80 38
net1817 3
  25 45
  23 45
  23 47
net1818 2
  30 57
  32 56
net1819 2
  77 14
  81 15
net1820 3
  20 54
  19 50
  17 56
net1821 2
  16 50
  15 52
net1822 2
  85 4
  80 4
net1823 2
  58 30
  59 30
net1824 3
  86 3
  83 1
  84 0
net1825 2
  53 49
  57 49
net1826 3
  13 1
  16 3
  11 0
net1827 3
  45 5
  47 7
  43 5
net1828 4
  69 34
  71 35
  70 31
  70 35
net1829 4
  0 38
  3 38
  1 36
  0 39
net1830 3
  83 10
  86 9
  84 6
net1831 2
  71 19
  70 21
net1832 3
  42 22
  38 21
  47 22
net1833 3
  73 31
  75 29
  72 33
net1834 4
  88 12
  91 14
  85 11
  86 15
net1835 2
  14 8
  12 6
net1836 2
  58 55
  59 53
net1837 3
  52 4
  53 0
  50 3
net1838 2
  59 39
  61 36
net1839 4
  17 58
  15 59
  16 59
  17 60
net1840 4
  87 24
  89 25
  88 20
  87 29
net1841 4
  11 45
  7 46
  8 45
  13 45
net1842 4
  39 56
  42 57
  39 55
  38 60
net1843 2
  12 57
  12 55
net1844 4
  42 40
  42 43
  42 36
  44 40
net1845 3
  57 13
  54 11
  55 10
net1846 2
  21 63
  22 61
net1847 4
  56 38
  58 41
  54 40
  60 39
net1848 4
  7 32
  10 30
  8 35
  5 31
net1849 2
  66 20
  64 17
net1850 2
  38 7
  38 8
net1851 3
  83 52
  80 53
  81 50
net1852 4
  95 43
  94 47
  94 39
  95 42
net1853 4
  5 55
  0 55
  5 51
  5 57
net1854 4
  61 27
  60 30
  61 26
  60 31
net1855 4
  0 6
  0 1
  1 7
  2 4
net1856 3
  5 58
  8 58
  7 57
net1857 3
  7 10
  8 10
  8 9
net1858 4
  84 50
  85 49
  83 51
  85 50
net1859 4
  36 19
  35 18
  34 20
  38 18
net1860 3
  79 6
  79 8
  81 4
net1861 3
  11 54
  11 50
  8 53
net1862 3
  94 8
  95 11
  92 6
net1863 2
  62 37
  61 34
net1864 2
  75 43
  79 44
net1865 3
  11 13
  12 13
  13 15
net1866 2
  0 15
  0 10
net1867 3
  50 10
  53 10
  51 10
net1868 4
  81 53
  81 54
  82 51
  78 53
net1869 3
  37 59
  34 60
  35 61
net1870 2
  44 17
  44 22
net1871 3
  19 41
  20 45
  20 37
net1872 3
  61 1
  62 5
  58 3
net1873 2
  75 54
  76 52
net1874 3
  44 56
  43 59
  41 54
net1875 2
  26 5
  29 3
net1876 4
  36 49
  33 50
  34 46
  37 48
net1877 2
  60 19
  64 20
net1878 3
  8 59
  11 61
  10 57
net1879 2
  45 27
  45 22
net1880 3
  95 27
  95 22
  95 23
net1881 4
  15 63
  14 63
  16 61
  18 63
net1882 2
  44 0
  45 0
net1883 2
  17 21
  17 22
net1884 2
  94 4
  94 5
net1885 3
  38 20
  40 23
  33 20
net1886 4
  5 13
  1 14
  5 15
  1 13
net1887 2
  39 43
  41 42
net1888 4
  5 47
  3 48
  2 46
  5 42
net1889 4
  76 35
  74 33
  77 38
  76 36
net1890 4
  83 19
  83 15
  79 20
  84 21
net1891 3
  57 58
  56 62
  60 60
net1892 2
  38 47
  34 48
net1893 3
  18 33
  20 34
  21 32
net1894 2
  34 3
  31 4
net1895 4
  68 39
  71 40
  66 37
  65 37
net1896 4
  17 40
  18 37
  13 41
  17 36
net1897 3
  55 21
  56 24
  54 25
net1898 4
  49 54
  51 54
  47 51
  48 53
net1899 2
  53 21
  50 23
net1900 3
  95 39
  95 35
  95 34
net1901 4
  81 49
  82 49
  85 48
  81 46
net1902 2
  58 27
  57 25
net1903 2
  46 10
  47 11
net1904 3
  6 35
  9 35
  4 36
net1905 3
  71 17
  73 19
  68 17
net1906 4
  58 39
  57 35
  55 41
  60 37
net1907 2
  16 48
  18 51
net1908 3
  62 39
  61 41
  57 39
net1909 4
  63 35
  64 38
  65 33
  64 34
net1910 2
  52 44
  54 45
net1911 2
  95 56
  94 54
net1912 3
  3 53
  2 50
  4 52
net1913 2
  72 28
  68 29
net1914 3
  35 30
  32 32
  34 28
net1915 4
  14 39
  13 38
  14 40
  14 36
net1916 2
  86 13
  88 10
net1917 2
  67 34
  63 34
net1918 2
  68 14
  66 16
net1919 4
  19 38
  19 37
  20 42
  18 35
net1920 4
  11 31
  7 31
  11 33
  12 35
net1921 2
  79 57
  80 59
net1922 2
  61 62
  58 63
net1923 2
  38 61
  40 63
net1924 2
  25 63
  29 63
net1925 2
  81 38
  80 39
net1926 4
  30 46
  25 46
  31 42
  29 46
net1927 2
  40 29
  40 25
net1928 2
  87 39
  88 35
net1929 4
  8 51
  9 54
  8 50
  8 54
net1930 2
  28 53
  25 55
net1931 3
  64 41
  66 39
  63 44
net1932 4
  38 24
  34 24
  42 25
  36 26
net1933 2
  64 37
  63 33
net1934 2
  57 5
  60 3
net1935 3
  37 33
  39 36
  38 34
net1936 4
  69 38
  67 41
  69 35
  68 41
net1937 2
  58 29
  56 27
net1938 2
  66 15
  63 15
net1939 3
  60 47
  61 44
  64 46
net1940 2
  55 33
  53 32
net1941 4
  77 43
  76 39
  79 45
  78 39
net1942 3
  50 24
  49 21
  46 24
net1943 2
  29 7
  31 10
net1944 4
  53 22
  51 19
  52 22
  54 23
net1945 4
  62 27
  60 27
  59 28
  62 30
net1946 2
  60 8
  61 9
net1947 2
  86 2
  82 3
net1948 2
  75 48
  77 51
net1949 4
  43 63
  47 62
  45 61
  46 61
net1950 2
  19 59
  17 57
net1951 3
  92 23
  92 18
  90 22
net1952 4
  13 50
  17 49
  10 52
  10 51
net1953 4
  37 20
  37 16
  39 21
  37 18
net1954 2
  27 3
  30 2
net1955 4
  70 33
  72 34
  69 31
  68 33
net1956 2
  52 48
  53 52
net1957 2
  64 39
  61 39
net1958 2
  18 10
  17 8
net1959 3
  36 35
  40 35
  37 37
net1960 3
  48 28
  46 30
  48 27
net1961 2
  79 4
  83 4
net1962 4
  47 48
  46 48
  47 49
  51 47
net1963 2
  69 4
  65 3
net1964 2
  92 53
  90 51
net1965 2
  49 23
  46 23
net1966 3
  13 34
  12 33
  12 32
net1967 4
  49 1
  51 4
  51 1
  46 2
net1968 2
  7 19
  6 17
net1969 3
  51 55
  53 53
  55 54
net1970 2
  60 11
  60 13
net1971 3
  67 31
  67 28
  64 33
net1972 2
  12 60
  13 63
net1973 2
  68 63
  68 60
net1974 3
  60 34
  61 32
  58 36
net1975 3
  61 7
  60 6
  63 10
net1976 4
  50 43
  51 40
  49 43
  53 45
net1977 2
  11 29
  8 29
net1978 2
  45 35
  47 36
net1979 3
  0 45
  0 44
  1 43
net1980 4
  67 10
  69 10
  64 12
  66 13
net1981 2
  65 46
  63 45
net1982 2
  68 53
  69 51
net1983 4
  41 20
  39 19
  41 15
  44 18
net1984 2
  70 26
  74 26
net1985 4
  7 33
  7 35
  6 36
  6 32
net1986 3
  94 53
  92 54
  92 50
net1987 2
  66 48
  66 53
net1988 3
  54 12
  59 12
  54 7
net1989 2
  76 33
  75 34
net1990 3
  13 49
  11 52
  15 48
net1991 2
  36 39
  32 40
net1992 3
  74 9
  74 7
  72 8
net1993 4
  33 14
  33 16
  31 11
  35 16
net1994 2
  81 18
  79 21
net1995 3
  18 8
  15 10
  18 6
net1996 4
  69 57
  70 60
  70 53
  65 56
net1997 2
  51 14
  50 14
net1998 2
  19 56
  22 57
net1999 3
  85 53
  85 56
  83 54
net2000 3
  64 7
  64 2
  62 4
net2001 2
  31 61
  33 62
net2002 2
  0 23
  0 19
net2003 2
  88 62
  90 61
net2004 2
  10 55
  6 56
net2005 2
  78 20
  74 20
net2006 2
  91 31
  92 34
net2007 2
  58 51
  54 50
net2008 2
  38 27
  43 27
net2009 3
  9 34
  10 37
  12 34
net2010 3
  60 18
  63 17
  61 19
net2011 2
  56 6
  55 4
net2012 2
  19 22
  18 26
net2013 2
  2 15
  0 18
net2014 2
  83 36
  84 32
net2015 3
  31 0
  28 2
  31 2
net2016 2
  17 30
  15 33
net2017 2
  33 26
  32 23
net2018 4
  13 22
  9 22
  13 25
  12 23
net2019 2
  56 15
  53 15
net2020 2
  42 54
  41 51
net2021 2
  18 32
  22 31
net2022 2
  42 13
  40 14
net2023 2
  40 32
  43 30
net2024 2
  67 21
  66 21
net2025 3
  9 25
  11 23
  5 25
net2026 2
  30 19
  32 20
net2027 2
  1 47
  2 51
net2028 2
  1 45
  3 42
