grid 80 64
vertical capacity 4
horizontal capacity 4
num block 5
block 36 50
block 5 60
block 70 28
block 69 45
block 72 57
num net 1705
net0 3
  24 53
  26 54
  29 53
net1 2
  29 10
  30 8
net2 4
  20 36
  19 38
  16 37
  22 33
net3 4
  71 47
  68 45
  69 49
  70 51
net4 4
  5 24
  4 25
  2 22
  3 24
net5 4
  21 7
  24 9
  23 10
  22 9
net6 2
  54 6
  57 5
net7 3
  8 8
  8 13
  7 11
net8 3
  20 52
  19 51
  19 56
net9 3
  73 16
  70 14
  72 17
net10 4
  50 25
  52 24
  51 21
  47 24
net11 3
  21 37
  18 36
  23 40
net12 4
  8 48
  7 45
  7 46
  5 46
net13 2
  3 40
  6 40
net14 4
  27 40
  24 39
  29 38
  27 42
net15 4
  13 27
  14 31
  13 22
  15 24
net16 3
  24 14
  29 14
  22 14
net17 3
  10 53
  9 56
  10 58
net18 4
  7 33
  4 35
  11 34
  8 32
net19 2
  48 47
  48 43
net20 4
  29 41
  32 42
  28 38
  26 40
net21 2
  74 55
  74 56
net22 2
  16 39
  16 34
net23 4
  41 18
  41 15
  41 23
  41 14
net24 3
  38 2
  43 2
  39 4
net25 2
  49 51
  50 54
net26 3
  26 14
  25 18
  25 14
net27 2
  24 33
  28 34
net28 2
  77 40
  77 44
net29 4
  2 58
  4 55
  5 56
  6 57
net30 2
  57 11
  56 15
net31 2
  1 27
  4 26
net32 3
  39 53
  38 49
  37 54
net33 3
  21 32
  23 32
  18 30
net34 4
  28 57
  32 58
  28 62
  26 59
net35 3
  50 4
  52 6
  51 8
net36 3
  66 24
  63 23
  67 20
net37 4
  11 47
  13 48
  9 45
  10 49
net38 4
  67 45
  67 41
  64 43
  63 44
net39 2
  39 60
  43 60
net40 3
  36 32
  33 31
  36 28
net41 3
  68 52
  70 50
  68 57
net42 4
  65 36
  66 36
  65 31
  69 36
net43 3
  3 37
  2 37
  0 36
net44 2
  7 9
  4 8
net45 3
  10 23
  12 23
  11 19
net46 3
  66 12
  65 9
  61 12
net47 3
  54 14
  55 10
  55 16
net48 4
  10 56
  6 56
  15 56
  8 58
net49 4
  41 17
  44 17
  37 16
  42 18
net50 2
  34 39
  34 37
net51 2
  62 29
  62 24
net52 4
  23 52
  22 50
  20 51
  20 53
net53 2
  37 11
  41 12
net54 4
  44 48
  46 50
  43 45
  40 48
net55 2
  17 10
  19 12
net56 2
  65 16
  67 16
net57 4
  74 30
  77 31
  70 30
  78 30
net58 2
  40 40
  35 40
net59 3
  66 7
  62 8
  68 4
net60 4
  36 2
  37 0
  33 1
  39 1
net61 3
  37 57
  39 59
  38 57
net62 4
  41 22
  43 23
  37 21
  40 21
net63 2
  21 22
  21 21
net64 2
  42 62
  45 61
net65 2
  10 10
  12 12
net66 2
  47 7
  47 9
net67 2
  65 62
  68 61
net68 4
  65 20
  68 22
  63 18
  60 20
net69 3
  5 36
  4 38
  6 33
net70 2
  13 14
  11 16
net71 3
  72 15
  68 15
  69 13
net72 2
  27 51
  28 48
net73 4
  41 60
  40 58
  38 58
  40 60
net74 2
  10 6
  9 10
net75 2
  29 30
  26 30
net76 4
  4 36
  4 33
  7 38
  0 35
net77 2
  37 63
  38 59
net78 3
  67 25
  68 21
  69 24
net79 4
  56 37
  59 38
  55 40
  55 34
net80 2
  21 3
  19 2
net81 4
  62 46
  59 44
  66 47
  63 42
net82 2
  1 8
  3 9
net83 2
  22 42
  23 44
net84 2
  53 35
  55 35
net85 2
  22 60
  22 61
net86 3
  55 31
  56 34
  56 32
net87 3
  37 49
  35 49
  36 53
net88 2
  72 49
  72 44
net89 2
  56 48
  55 49
net90 3
  46 53
  46 49
  43 54
net91 2
  4 41
  7 42
net92 4
  34 46
  33 42
  37 48
  38 45
net93 3
  2 1
  4 3
  5 2
net94 4
  35 9
  35 11
  38 9
  33 7
net95 2
  26 36
  26 33
net96 3
  21 11
  19 13
  24 13
net97 2
  18 47
  22 48
net98 2
  22 30
  22 28
net99 3
  15 49
  15 54
  14 46
net100 2
  28 19
  27 19
net101 3
  19 16
  16 17
  17 14
net102 2
  9 25
  10 22
net103 3
  14 30
  12 32
  16 30
net104 3
  6 45
  6 41
  9 46
net105 4
  75 45
  75 42
  72 43
  75 46
net106 4
  43 19
  40 18
  43 17
  46 18
net107 4
  44 8
  41 7
  44 10
  46 11
net108 2
  30 34
  31 33
net109 4
  73 21
  71 18
  72 24
  73 23
net110 2
  0 10
  2 7
net111 2
  41 34
  41 32
net112 4
  49 28
  51 27
  46 30
  46 29
net113 2
  42 33
  43 30
net114 3
  1 34
  0 34
  0 38
net115 2
  64 9
  61 7
net116 3
  48 21
  46 21
  43 21
net117 3
  79 19
  76 18
  77 20
net118 4
  62 11
  60 10
  59 12
  64 13
net119 3
  54 51
  56 53
  52 50
net120 2
  31 19
  32 22
net121 2
  34 12
  31 14
net122 3
  62 9
  59 10
  62 4
net123 3
  47 33
  48 32
  46 35
net124 4
  64 7
  65 11
  61 8
  64 5
net125 3
  39 22
  42 23
  38 19
net126 2
  29 50
  28 50
net127 4
  40 35
  38 35
  40 38
  37 37
net128 2
  15 58
  17 59
net129 4
  39 8
  43 8
  38 8
  37 9
net130 4
  35 18
  33 18
  37 19
  35 19
net131 3
  22 43
  23 45
  19 44
net132 4
  56 39
  60 38
  54 41
  54 38
net133 3
  55 59
  53 58
  53 57
net134 2
  35 43
  33 44
net135 4
  49 2
  48 0
  46 2
  45 2
net136 4
  4 47
  2 50
  4 48
  7 48
net137 2
  55 45
  55 50
net138 3
  63 14
  61 11
  63 13
net139 4
  13 1
  11 4
  15 2
  15 3
net140 4
  25 12
  24 8
  26 16
  23 14
net141 3
  35 46
  33 47
  34 49
net142 3
  65 17
  67 17
  61 18
net143 2
  71 38
  71 37
net144 2
  54 19
  58 20
net145 4
  43 5
  45 4
  40 7
  46 7
net146 4
  46 55
  48 58
  45 59
  42 54
net147 2
  62 13
  58 12
net148 3
  22 49
  25 47
  24 49
net149 4
  21 40
  23 43
  25 41
  20 40
net150 4
  42 25
  42 29
  42 28
  42 22
net151 3
  59 53
  62 53
  63 53
net152 2
  11 60
  12 56
net153 2
  36 37
  35 34
net154 4
  10 51
  13 52
  6 51
  12 54
net155 2
  42 9
  42 13
net156 4
  64 63
  69 63
  62 62
  67 63
net157 4
  14 41
  18 41
  15 42
  18 42
net158 3
  26 23
  24 21
  26 26
net159 4
  69 14
  69 11
  66 13
  68 17
net160 3
  28 25
  26 24
  27 28
net161 2
  39 38
  40 42
net162 3
  30 51
  31 55
  30 46
net163 3
  59 43
  61 44
  54 43
net164 3
  6 11
  6 8
  3 12
net165 2
  20 62
  18 63
net166 2
  16 49
  13 50
net167 2
  70 60
  71 59
net168 2
  40 22
  40 19
net169 4
  2 10
  1 12
  4 9
  5 9
net170 3
  16 18
  13 16
  15 15
net171 2
  30 43
  26 43
net172 2
  55 30
  58 28
net173 4
  63 16
  58 16
  63 12
  61 15
net174 4
  47 23
  45 20
  50 21
  46 27
net175 3
  50 2
  52 1
  48 1
net176 4
  9 20
  7 19
  6 19
  10 18
net177 4
  75 4
  73 6
  75 2
  76 3
net178 3
  2 62
  0 60
  6 61
net179 4
  65 30
  63 32
  63 33
  63 28
net180 3
  44 34
  44 39
  45 33
net181 3
  3 26
  0 25
  0 24
net182 3
  16 10
  17 12
  12 11
net183 3
  64 12
  61 10
  61 13
net184 2
  70 20
  70 15
net185 2
  31 17
  34 16
net186 4
  9 47
  6 47
  10 44
  11 46
net187 4
  35 51
  36 48
  34 47
  34 54
net188 2
  0 19
  2 21
net189 3
  16 5
  13 7
  18 3
net190 4
  2 3
  3 6
  0 6
  5 1
net191 3
  57 37
  57 34
  54 37
net192 2
  36 22
  39 20
net193 2
  20 32
  17 32
net194 3
  5 59
  6 55
  4 60
net195 4
  27 50
  25 49
  31 49
  30 52
net196 2
  16 26
  13 25
net197 2
  64 18
  65 18
net198 2
  34 9
  32 8
net199 3
  9 32
  7 31
  9 30
net200 2
  32 23
  35 25
net201 2
  60 60
  65 60
net202 3
  20 11
  16 11
  20 13
net203 3
  6 38
  8 41
  4 39
net204 2
  61 1
  60 2
net205 3
  75 21
  75 23
  72 21
net206 2
  57 50
  61 50
net207 3
  69 3
  72 1
  73 2
net208 2
  63 63
  63 60
net209 4
  22 4
  24 2
  22 6
  24 6
net210 4
  32 53
  31 56
  31 52
  34 51
net211 2
  47 16
  48 16
net212 3
  11 36
  13 37
  14 36
net213 4
  6 60
  9 58
  5 63
  3 59
net214 3
  62 37
  65 39
  61 37
net215 2
  73 26
  75 24
net216 2
  23 37
  24 35
net217 3
  1 54
  3 57
  0 58
net218 4
  68 12
  71 11
  67 12
  67 14
net219 3
  41 62
  43 62
  39 63
net220 4
  43 22
  46 22
  43 24
  38 22
net221 3
  10 61
  8 63
  12 63
net222 3
  68 60
  66 58
  69 59
net223 3
  25 27
  24 25
  25 24
net224 4
  13 15
  16 16
  13 10
  15 13
net225 2
  62 51
  63 55
net226 3
  68 29
  66 31
  72 28
net227 4
  65 42
  64 45
  65 47
  65 38
net228 2
  48 25
  47 29
net229 3
  38 20
  40 17
  43 20
net230 3
  11 25
  8 27
  9 28
net231 4
  41 49
  45 50
  39 46
  43 52
net232 3
  44 60
  47 62
  44 58
net233 4
  65 61
  60 61
  67 59
  63 59
net234 3
  32 55
  32 60
  35 56
net235 3
  26 42
  31 42
  22 41
net236 2
  35 44
  33 41
net237 4
  43 16
  46 15
  43 12
  42 20
net238 3
  76 31
  78 31
  78 32
net239 3
  30 28
  35 28
  28 28
net240 2
  44 51
  44 56
net241 3
  58 59
  60 59
  58 63
net242 2
  39 42
  38 41
net243 2
  28 7
  32 6
net244 2
  64 32
  61 31
net245 3
  21 27
  20 26
  17 28
net246 2
  24 50
  22 53
net247 2
  76 28
  76 33
net248 3
  64 56
  65 57
  68 55
net249 2
  22 55
  21 58
net250 3
  37 12
  39 15
  39 9
net251 2
  53 25
  53 21
net252 3
  41 36
  42 38
  40 39
net253 3
  69 57
  66 56
  69 61
net254 4
  56 19
  59 20
  56 23
  57 21
net255 2
  34 27
  32 29
net256 3
  6 35
  6 37
  6 31
net257 4
  32 12
  34 14
  28 13
  33 16
net258 2
  72 23
  73 22
net259 3
  65 2
  62 1
  64 6
net260 2
  10 0
  10 2
net261 2
  39 45
  39 43
net262 4
  54 55
  53 59
  50 55
  58 54
net263 2
  14 34
  13 33
net264 3
  10 59
  8 62
  11 61
net265 4
  1 37
  4 37
  2 33
  3 36
net266 4
  69 50
  67 47
  74 50
  73 51
net267 4
  70 7
  66 6
  67 9
  70 11
net268 2
  70 58
  70 63
net269 2
  71 5
  69 8
net270 3
  75 41
  74 38
  75 43
net271 3
  35 35
  33 34
  31 35
net272 3
  11 17
  9 14
  8 16
net273 3
  6 12
  3 13
  7 16
net274 2
  77 45
  73 44
net275 2
  18 39
  17 38
net276 3
  2 47
  6 46
  3 44
net277 4
  5 23
  4 19
  5 21
  6 22
net278 2
  10 13
  10 14
net279 4
  39 7
  40 10
  41 4
  38 10
net280 2
  4 49
  6 48
net281 2
  26 29
  28 30
net282 2
  70 2
  66 2
net283 3
  59 47
  60 48
  60 47
net284 2
  8 52
  7 54
net285 4
  5 43
  3 46
  1 43
  5 47
net286 3
  23 41
  26 39
  23 39
net287 2
  42 17
  40 14
net288 4
  31 15
  30 17
  30 15
  32 11
net289 3
  48 42
  44 43
  46 42
net290 3
  55 51
  52 49
  54 49
net291 3
  62 42
  61 39
  61 43
net292 4
  75 48
  74 49
  79 48
  70 48
net293 3
  14 42
  10 41
  16 40
net294 2
  34 50
  35 47
net295 3
  55 56
  55 57
  51 56
net296 4
  59 28
  58 25
  59 33
  58 32
net297 3
  66 63
  66 59
  65 63
net298 2
  60 30
  59 32
net299 2
  43 25
  44 22
net300 4
  45 36
  45 40
  46 37
  45 38
net301 4
  13 54
  10 55
  13 55
  11 57
net302 3
  71 15
  75 16
  71 20
net303 4
  0 17
  0 12
  3 18
  1 19
net304 2
  14 9
  17 9
net305 3
  78 52
  77 54
  74 53
net306 2
  15 51
  19 52
net307 3
  51 58
  52 56
  47 57
net308 3
  8 1
  4 1
  5 0
net309 2
  26 56
  24 56
net310 3
  42 2
  41 1
  43 3
net311 3
  48 18
  48 13
  49 19
net312 4
  52 38
  52 36
  48 39
  54 40
net313 2
  20 16
  18 18
net314 2
  18 54
  17 55
net315 4
  17 18
  21 19
  21 17
  16 14
net316 3
  67 23
  67 22
  66 25
net317 3
  17 29
  18 29
  16 29
net318 3
  7 39
  11 39
  9 36
net319 2
  56 61
  52 60
net320 2
  45 5
  45 9
net321 3
  40 2
  40 1
  40 6
net322 4
  19 46
  16 47
  18 50
  17 46
net323 4
  27 60
  27 59
  27 56
  26 60
net324 2
  63 43
  64 39
net325 2
  18 6
  17 7
net326 4
  14 6
  12 5
  14 2
  10 7
net327 4
  30 7
  28 5
  32 10
  35 7
net328 4
  7 57
  8 61
  9 57
  8 55
net329 4
  25 45
  25 43
  21 46
  23 47
net330 2
  52 54
  54 53
net331 4
  27 7
  23 8
  28 4
  27 11
net332 4
  63 26
  60 26
  64 23
  62 30
net333 4
  50 59
  49 61
  50 57
  53 61
net334 3
  70 37
  72 38
  68 40
net335 4
  65 3
  65 6
  64 3
  68 3
net336 4
  66 52
  66 55
  66 50
  68 53
net337 4
  65 51
  65 55
  64 53
  63 51
net338 4
  74 18
  76 20
  74 20
  73 15
net339 3
  47 8
  46 4
  49 10
net340 2
  76 27
  76 24
net341 2
  20 23
  22 25
net342 2
  36 63
  38 62
net343 3
  25 28
  23 27
  28 26
net344 4
  54 31
  52 30
  53 31
  55 33
net345 2
  45 45
  44 44
net346 2
  36 40
  34 40
net347 2
  52 11
  53 10
net348 4
  36 36
  32 35
  35 39
  34 36
net349 2
  1 53
  2 57
net350 2
  71 31
  72 29
net351 3
  21 29
  20 29
  24 30
net352 2
  73 14
  76 12
net353 3
  9 50
  7 53
  4 50
net354 3
  42 6
  40 9
  44 6
net355 2
  62 5
  63 6
net356 2
  12 10
  13 13
net357 3
  63 61
  63 58
  66 60
net358 3
  58 40
  58 35
  55 41
net359 4
  51 10
  52 9
  50 6
  54 10
net360 4
  61 29
  58 29
  64 31
  59 30
net361 2
  30 19
  29 23
net362 2
  64 11
  65 13
net363 3
  44 33
  43 32
  45 29
net364 4
  17 15
  16 15
  14 14
  14 15
net365 4
  37 32
  41 33
  39 33
  34 31
net366 3
  49 21
  48 22
  47 18
net367 2
  10 20
  11 22
net368 3
  13 43
  12 40
  13 40
net369 3
  61 0
  56 0
  60 3
net370 2
  66 16
  61 16
net371 3
  6 28
  6 24
  1 28
net372 4
  47 44
  47 45
  46 44
  50 43
net373 4
  25 33
  23 33
  24 31
  25 37
net374 2
  11 13
  8 12
net375 4
  65 59
  63 62
  63 56
  67 60
net376 2
  14 1
  17 3
net377 4
  7 30
  7 32
  11 30
  5 29
net378 4
  45 55
  43 56
  46 54
  45 52
net379 4
  22 8
  26 7
  19 6
  19 9
net380 4
  64 27
  67 27
  69 27
  65 25
net381 2
  2 54
  0 53
net382 4
  63 48
  63 47
  63 49
  64 51
net383 4
  49 13
  47 14
  49 17
  45 12
net384 3
  69 60
  73 59
  71 57
net385 2
  57 39
  56 41
net386 4
  6 17
  5 20
  5 18
  9 19
net387 3
  16 53
  17 50
  11 53
net388 4
  7 63
  4 63
  7 62
  7 60
net389 4
  7 51
  7 49
  11 52
  6 52
net390 2
  29 33
  26 32
net391 2
  74 28
  77 28
net392 4
  68 51
  70 49
  70 54
  65 53
net393 3
  21 25
  19 25
  20 27
net394 2
  4 52
  3 56
net395 2
  2 53
  4 53
net396 4
  68 34
  66 37
  72 33
  66 33
net397 4
  64 54
  62 55
  63 57
  64 58
net398 4
  36 38
  38 38
  35 36
  31 38
net399 2
  61 5
  62 3
net400 4
  71 13
  71 12
  70 17
  75 13
net401 4
  30 22
  30 27
  34 21
  33 22
net402 2
  31 18
  32 20
net403 3
  6 21
  5 17
  9 23
net404 2
  55 22
  54 23
net405 3
  58 58
  59 59
  59 58
net406 4
  65 56
  64 60
  64 59
  60 56
net407 2
  12 59
  10 60
net408 2
  76 6
  73 7
net409 3
  12 52
  15 50
  10 50
net410 2
  78 59
  78 56
net411 2
  20 38
  20 39
net412 2
  1 24
  0 26
net413 4
  18 59
  19 57
  21 61
  13 59
net414 2
  69 54
  69 51
net415 2
  38 23
  37 20
net416 2
  56 57
  60 58
net417 4
  59 13
  57 10
  60 17
  58 17
net418 3
  16 31
  18 31
  16 35
net419 2
  60 33
  59 37
net420 4
  36 30
  35 30
  36 35
  40 31
net421 3
  36 5
  38 6
  35 8
net422 2
  6 2
  6 1
net423 3
  65 26
  65 23
  61 26
net424 2
  71 22
  75 22
net425 2
  64 30
  63 31
net426 4
  75 59
  76 57
  73 61
  76 59
net427 4
  20 34
  16 33
  21 33
  19 36
net428 2
  23 46
  20 48
net429 4
  43 41
  43 37
  43 40
  39 40
net430 3
  26 1
  31 1
  27 0
net431 4
  78 24
  78 22
  78 26
  79 21
net432 2
  0 51
  1 50
net433 3
  69 47
  67 48
  66 45
net434 3
  9 4
  10 1
  6 4
net435 2
  74 43
  70 44
net436 3
  57 43
  54 45
  56 44
net437 3
  8 18
  4 17
  7 22
net438 4
  46 9
  45 11
  44 12
  45 13
net439 4
  20 10
  21 8
  21 9
  20 6
net440 2
  4 2
  1 0
net441 4
  52 31
  49 31
  52 29
  53 32
net442 2
  39 52
  39 56
net443 3
  28 59
  27 61
  28 63
net444 2
  0 8
  1 11
net445 3
  66 17
  69 17
  64 14
net446 3
  30 12
  26 11
  29 9
net447 2
  74 14
  78 14
net448 2
  73 18
  76 16
net449 4
  15 27
  12 28
  14 23
  13 29
net450 3
  16 28
  12 29
  15 32
net451 2
  19 40
  14 40
net452 4
  14 21
  12 22
  15 18
  10 21
net453 2
  60 50
  59 46
net454 3
  53 42
  58 42
  52 46
net455 3
  17 2
  20 3
  15 5
net456 4
  16 2
  15 1
  20 2
  19 1
net457 4
  39 11
  34 11
  37 14
  42 11
net458 4
  35 57
  35 55
  35 54
  32 57
net459 3
  62 26
  61 25
  57 26
net460 4
  39 49
  40 46
  43 48
  37 47
net461 2
  41 31
  40 34
net462 4
  49 52
  50 48
  47 54
  48 54
net463 4
  30 29
  28 27
  31 29
  33 30
net464 3
  56 17
  56 13
  59 19
net465 2
  55 20
  57 22
net466 4
  77 2
  74 0
  78 3
  75 1
net467 4
  38 26
  35 24
  39 26
  39 28
net468 2
  37 13
  36 14
net469 2
  24 19
  22 18
net470 4
  57 38
  59 36
  58 38
  58 34
net471 4
  29 54
  31 51
  29 58
  29 55
net472 3
  73 42
  73 38
  70 40
net473 4
  22 58
  20 58
  24 59
  20 60
net474 3
  67 32
  69 33
  67 33
net475 4
  18 22
  17 22
  16 23
  20 22
net476 2
  54 16
  53 15
net477 4
  9 39
  13 39
  7 41
  8 40
net478 2
  52 51
  53 50
net479 2
  70 18
  67 19
net480 4
  77 27
  77 30
  73 27
  76 23
net481 2
  75 56
  73 55
net482 2
  12 37
  10 34
net483 2
  34 59
  34 62
net484 2
  1 3
  3 3
net485 2
  57 6
  55 4
net486 3
  66 30
  65 27
  64 28
net487 2
  16 12
  14 12
net488 2
  66 27
  65 28
net489 3
  53 6
  55 7
  56 6
net490 3
  76 43
  76 39
  75 47
net491 4
  58 19
  59 22
  63 19
  60 19
net492 2
  34 26
  37 24
net493 3
  38 1
  35 1
  34 0
net494 4
  51 26
  54 27
  53 27
  49 23
net495 2
  59 9
  56 8
net496 2
  78 4
  79 7
net497 2
  18 19
  15 17
net498 3
  12 26
  14 27
  9 27
net499 2
  31 54
  30 56
net500 2
  48 4
  45 3
net501 3
  24 16
  27 16
  24 18
net502 4
  18 11
  15 9
  18 7
  17 13
net503 4
  8 25
  7 23
  11 27
  11 24
net504 4
  70 43
  66 44
  71 45
  70 42
net505 3
  49 12
  48 11
  54 12
net506 4
  15 40
  17 37
  11 40
  12 39
net507 4
  62 36
  64 37
  61 35
  60 34
net508 3
  2 46
  1 42
  0 49
net509 4
  38 34
  38 31
  37 34
  37 30
net510 4
  54 29
  50 29
  51 31
  56 27
net511 2
  67 10
  69 7
net512 3
  24 55
  26 58
  20 55
net513 3
  66 53
  71 53
  68 56
net514 2
  58 1
  57 4
net515 3
  75 32
  76 30
  75 34
net516 4
  22 26
  23 28
  25 25
  20 25
net517 3
  28 24
  26 25
  28 29
net518 3
  53 29
  52 27
  53 30
net519 3
  67 51
  67 53
  68 48
net520 2
  28 12
  30 9
net521 3
  59 52
  55 52
  57 51
net522 3
  20 8
  16 7
  17 8
net523 2
  38 39
  37 35
net524 3
  44 25
  46 25
  45 27
net525 2
  21 16
  20 19
net526 4
  71 26
  71 28
  71 30
  68 28
net527 2
  16 45
  17 42
net528 3
  73 37
  73 32
  75 37
net529 3
  74 52
  70 53
  77 52
net530 4
  58 8
  56 9
  59 7
  58 7
net531 2
  56 29
  51 29
net532 3
  49 3
  47 6
  47 0
net533 2
  4 22
  0 22
net534 3
  58 27
  59 23
  57 25
net535 4
  4 31
  5 33
  4 32
  6 29
net536 2
  25 2
  27 3
net537 3
  6 15
  5 11
  2 15
net538 4
  27 2
  24 1
  25 4
  23 2
net539 2
  12 3
  15 4
net540 4
  25 10
  26 10
  22 12
  24 10
net541 4
  33 15
  35 12
  34 18
  34 19
net542 4
  70 47
  71 49
  72 46
  68 47
net543 3
  8 37
  8 35
  10 36
net544 3
  76 41
  75 44
  77 43
net545 2
  17 36
  15 38
net546 3
  32 37
  30 40
  28 37
net547 2
  3 19
  2 19
net548 4
  37 2
  40 3
  38 4
  36 3
net549 3
  50 20
  47 22
  52 19
net550 2
  6 32
  3 34
net551 2
  16 9
  14 7
net552 2
  16 36
  15 35
net553 3
  11 10
  11 9
  12 7
net554 2
  17 0
  20 0
net555 2
  36 12
  33 10
net556 4
  76 55
  73 56
  79 54
  76 51
net557 4
  71 50
  73 47
  75 49
  69 53
net558 2
  40 28
  43 29
net559 2
  50 60
  49 58
net560 4
  56 25
  58 23
  56 30
  56 26
net561 2
  33 63
  31 61
net562 3
  69 12
  67 13
  71 14
net563 4
  60 57
  58 57
  62 54
  57 55
net564 2
  66 49
  64 52
net565 3
  5 32
  8 33
  4 28
net566 2
  2 2
  3 4
net567 3
  26 61
  29 62
  23 61
net568 3
  64 21
  62 21
  64 24
net569 4
  73 33
  75 33
  71 32
  76 35
net570 4
  65 21
  66 21
  65 24
  64 20
net571 2
  8 28
  4 27
net572 3
  13 61
  18 61
  15 63
net573 2
  37 10
  36 7
net574 4
  76 53
  78 53
  75 55
  76 52
net575 2
  30 31
  30 30
net576 2
  76 44
  77 47
net577 3
  25 62
  30 62
  24 63
net578 2
  60 18
  64 19
net579 3
  67 62
  66 61
  71 61
net580 3
  0 14
  3 15
  1 13
net581 2
  65 41
  69 41
net582 2
  61 51
  61 46
net583 3
  12 43
  8 42
  11 43
net584 4
  76 7
  72 7
  76 2
  78 8
net585 2
  22 37
  22 35
net586 4
  1 49
  0 52
  3 50
  1 52
net587 4
  71 36
  69 37
  72 40
  67 36
net588 4
  69 31
  70 27
  71 33
  71 29
net589 3
  3 0
  0 0
  6 0
net590 2
  62 22
  61 19
net591 4
  35 27
  36 26
  38 28
  33 24
net592 3
  5 44
  9 43
  5 49
net593 2
  10 31
  9 29
net594 3
  77 60
  78 60
  79 61
net595 4
  62 14
  58 15
  64 16
  58 14
net596 3
  45 26
  45 25
  43 27
net597 2
  57 24
  55 21
net598 2
  47 42
  48 45
net599 4
  65 8
  68 10
  65 5
  68 7
net600 4
  51 1
  53 3
  48 2
  51 5
net601 3
  12 58
  16 58
  14 55
net602 3
  44 52
  45 53
  43 50
net603 3
  13 38
  15 41
  13 42
net604 2
  49 32
  50 31
net605 3
  26 45
  24 42
  28 46
net606 3
  7 58
  6 54
  8 54
net607 4
  34 56
  30 55
  32 54
  38 56
net608 2
  54 59
  49 59
net609 4
  18 62
  19 61
  14 61
  15 61
net610 2
  0 56
  3 58
net611 4
  77 16
  76 14
  77 12
  75 14
net612 3
  78 28
  75 28
  76 29
net613 4
  27 35
  30 35
  27 37
  27 33
net614 2
  37 52
  36 55
net615 3
  76 63
  78 62
  74 62
net616 4
  51 48
  50 45
  48 48
  51 47
net617 3
  72 45
  68 46
  71 43
net618 4
  20 20
  20 21
  19 18
  22 20
net619 3
  25 19
  24 23
  26 20
net620 2
  50 24
  48 24
net621 4
  33 21
  34 17
  31 22
  31 23
net622 3
  56 16
  55 17
  55 18
net623 4
  33 57
  29 56
  31 58
  34 53
net624 4
  74 51
  71 52
  74 54
  77 51
net625 2
  74 32
  78 33
net626 4
  19 63
  23 63
  21 62
  21 63
net627 2
  41 53
  40 50
net628 2
  31 41
  34 43
net629 2
  22 44
  20 47
net630 3
  31 32
  29 35
  31 36
net631 4
  73 24
  73 29
  77 25
  76 22
net632 4
  8 53
  8 51
  11 54
  6 50
net633 2
  18 9
  17 5
net634 2
  14 37
  14 35
net635 2
  10 11
  15 11
net636 3
  4 29
  3 33
  0 28
net637 3
  61 20
  63 17
  59 17
net638 4
  55 55
  56 59
  55 53
  60 55
net639 4
  7 28
  5 27
  6 27
  3 29
net640 2
  34 29
  33 32
net641 4
  48 5
  49 8
  51 4
  51 7
net642 3
  59 55
  59 60
  57 53
net643 2
  54 15
  56 18
net644 2
  68 32
  70 32
net645 3
  28 31
  27 32
  25 31
net646 3
  47 35
  52 35
  47 36
net647 3
  44 30
  45 28
  46 28
net648 4
  22 17
  26 17
  20 17
  19 19
net649 2
  19 39
  17 39
net650 4
  4 20
  5 16
  1 21
  2 23
net651 4
  60 44
  58 43
  55 44
  60 41
net652 2
  38 25
  36 27
net653 2
  67 38
  64 40
net654 4
  37 18
  38 14
  39 19
  37 22
net655 2
  27 24
  25 22
net656 2
  36 42
  36 43
net657 4
  69 25
  70 24
  73 25
  69 22
net658 2
  75 7
  77 6
net659 2
  38 32
  39 32
net660 4
  69 48
  69 46
  68 44
  70 46
net661 2
  15 57
  16 55
net662 2
  26 57
  30 57
net663 3
  3 35
  5 38
  6 34
net664 4
  66 11
  67 15
  68 11
  66 14
net665 3
  19 35
  20 37
  20 31
net666 3
  21 20
  23 17
  18 20
net667 4
  57 58
  55 60
  59 56
  54 56
net668 2
  74 26
  75 30
net669 2
  57 18
  60 16
net670 2
  45 16
  42 14
net671 4
  1 58
  0 59
  0 54
  2 55
net672 4
  32 34
  36 33
  28 33
  32 32
net673 4
  20 33
  21 36
  24 34
  19 30
net674 2
  27 20
  29 20
net675 4
  19 4
  21 4
  21 5
  18 1
net676 3
  36 34
  36 39
  35 37
net677 2
  63 46
  65 46
net678 3
  72 62
  73 60
  75 61
net679 3
  4 56
  4 54
  3 54
net680 3
  68 0
  71 2
  73 0
net681 4
  10 19
  12 16
  10 16
  9 16
net682 2
  30 49
  30 47
net683 3
  63 30
  61 30
  64 34
net684 3
  57 60
  61 61
  56 63
net685 4
  64 44
  62 45
  64 41
  64 46
net686 2
  39 29
  38 27
net687 2
  60 62
  61 62
net688 2
  42 53
  37 53
net689 4
  78 55
  76 56
  76 58
  77 57
net690 2
  70 29
  67 28
net691 2
  60 36
  59 39
net692 4
  11 8
  7 7
  13 8
  11 11
net693 2
  55 12
  57 12
net694 2
  61 2
  63 4
net695 3
  64 0
  64 4
  65 1
net696 4
  58 0
  55 1
  57 1
  57 0
net697 2
  68 25
  67 26
net698 4
  75 25
  74 23
  77 24
  72 26
net699 4
  57 57
  59 57
  61 58
  58 61
net700 4
  70 25
  71 24
  66 26
  71 27
net701 3
  9 54
  9 51
  9 59
net702 3
  1 41
  3 43
  3 42
net703 4
  53 8
  51 6
  55 11
  50 10
net704 2
  65 7
  65 10
net705 3
  36 59
  33 60
  37 55
net706 2
  53 5
  49 4
net707 3
  7 40
  8 36
  9 38
net708 2
  67 42
  67 43
net709 2
  46 38
  45 39
net710 3
  6 43
  8 45
  8 43
net711 3
  64 36
  68 35
  60 37
net712 3
  50 49
  48 50
  50 51
net713 3
  32 9
  31 11
  33 6
net714 4
  58 18
  62 17
  55 19
  59 14
net715 4
  78 2
  78 7
  78 1
  74 2
net716 3
  48 37
  47 40
  50 39
net717 4
  28 54
  27 58
  25 54
  33 54
net718 4
  5 31
  2 32
  9 31
  2 30
net719 4
  72 55
  73 57
  72 58
  69 55
net720 2
  49 5
  50 7
net721 3
  16 63
  16 59
  16 62
net722 3
  45 31
  44 29
  46 31
net723 4
  14 33
  17 34
  11 31
  19 33
net724 4
  58 50
  60 51
  63 50
  59 49
net725 3
  50 32
  51 32
  52 32
net726 4
  45 62
  41 61
  49 63
  47 61
net727 3
  8 6
  7 10
  4 7
net728 3
  50 63
  53 63
  52 61
net729 2
  47 2
  44 4
net730 3
  57 35
  56 33
  56 38
net731 2
  56 54
  58 55
net732 3
  34 4
  35 2
  34 8
net733 3
  55 8
  57 9
  56 7
net734 4
  54 7
  53 11
  53 4
  49 7
net735 2
  1 32
  4 34
net736 2
  32 56
  34 57
net737 4
  25 26
  27 27
  24 29
  29 26
net738 2
  57 16
  54 17
net739 3
  28 41
  29 37
  30 41
net740 4
  7 37
  11 37
  9 40
  7 34
net741 4
  15 28
  16 25
  18 27
  17 31
net742 3
  77 56
  78 58
  79 55
net743 2
  21 57
  22 59
net744 3
  13 0
  9 1
  15 0
net745 3
  41 2
  44 0
  40 0
net746 2
  24 37
  24 32
net747 4
  63 54
  67 55
  60 52
  61 54
net748 4
  9 9
  10 8
  8 11
  6 10
net749 3
  12 42
  10 40
  15 43
net750 3
  3 10
  5 10
  8 10
net751 3
  73 43
  71 40
  72 39
net752 2
  34 23
  33 19
net753 4
  56 40
  57 42
  55 38
  51 40
net754 2
  25 38
  27 36
net755 2
  36 62
  34 63
net756 2
  53 2
  51 2
net757 4
  1 17
  1 15
  2 17
  2 13
net758 3
  56 2
  57 2
  52 2
net759 4
  60 14
  57 13
  60 13
  59 11
net760 4
  36 19
  36 18
  36 15
  41 19
net761 2
  18 14
  18 10
net762 4
  33 28
  33 26
  35 29
  34 25
net763 4
  2 5
  6 6
  5 7
  2 8
net764 4
  37 43
  40 41
  32 43
  35 42
net765 3
  77 59
  74 58
  75 60
net766 3
  13 58
  15 60
  17 58
net767 3
  72 9
  72 5
  71 8
net768 3
  65 34
  68 36
  67 35
net769 2
  1 63
  2 61
net770 4
  60 49
  58 47
  64 49
  58 51
net771 4
  23 53
  20 54
  23 49
  22 51
net772 4
  10 3
  14 4
  11 2
  7 4
net773 4
  50 14
  48 17
  54 13
  53 14
net774 2
  54 4
  54 2
net775 4
  25 60
  26 62
  23 58
  28 58
net776 4
  27 57
  28 55
  25 56
  28 56
net777 3
  9 22
  9 18
  8 23
net778 3
  38 13
  38 11
  36 13
net779 4
  21 55
  19 58
  18 56
  21 59
net780 4
  76 42
  75 39
  78 44
  77 38
net781 4
  54 9
  56 10
  57 7
  57 8
net782 3
  15 10
  14 11
  14 8
net783 4
  50 1
  46 1
  52 3
  54 0
net784 4
  41 37
  38 37
  41 41
  41 40
net785 4
  42 30
  41 27
  40 32
  40 33
net786 2
  18 28
  15 30
net787 3
  2 40
  1 40
  2 44
net788 2
  54 44
  57 46
net789 4
  63 0
  61 3
  63 2
  66 1
net790 2
  11 32
  8 34
net791 4
  22 3
  21 0
  26 2
  18 2
net792 4
  68 9
  67 7
  66 10
  68 8
net793 3
  10 46
  9 49
  13 45
net794 4
  14 25
  13 26
  15 21
  13 28
net795 3
  67 56
  69 56
  65 54
net796 2
  2 24
  2 27
net797 4
  44 13
  45 15
  47 11
  45 17
net798 4
  79 52
  79 47
  78 51
  78 50
net799 2
  49 44
  53 43
net800 3
  60 46
  59 45
  60 42
net801 4
  44 41
  45 43
  42 43
  46 41
net802 4
  56 22
  53 24
  59 21
  55 24
net803 4
  50 22
  52 21
  50 18
  48 20
net804 4
  35 33
  32 33
  33 36
  34 33
net805 3
  39 25
  39 30
  37 23
net806 3
  29 27
  31 25
  31 28
net807 2
  32 59
  35 59
net808 3
  52 14
  54 11
  48 14
net809 3
  3 5
  1 7
  0 3
net810 2
  68 26
  64 25
net811 2
  67 29
  65 29
net812 2
  42 58
  40 61
net813 3
  6 9
  6 5
  7 6
net814 3
  71 6
  67 6
  69 4
net815 2
  72 52
  73 48
net816 2
  23 29
  20 28
net817 4
  71 46
  74 48
  69 44
  73 46
net818 4
  30 48
  26 48
  31 44
  27 49
net819 4
  63 15
  66 15
  59 15
  62 15
net820 4
  52 44
  52 48
  52 45
  50 47
net821 3
  31 30
  30 26
  33 27
net822 3
  44 3
  43 7
  44 1
net823 4
  60 29
  57 27
  60 25
  61 32
net824 2
  78 13
  76 15
net825 4
  59 26
  59 31
  63 27
  61 24
net826 4
  5 52
  8 50
  6 53
  3 52
net827 3
  27 23
  26 27
  27 26
net828 4
  9 13
  9 8
  14 13
  6 14
net829 2
  20 30
  21 28
net830 2
  44 53
  42 52
net831 3
  36 4
  38 5
  36 6
net832 2
  48 27
  47 28
net833 4
  26 3
  26 0
  24 3
  25 1
net834 2
  39 39
  35 38
net835 3
  50 40
  50 37
  51 36
net836 4
  19 22
  17 24
  17 25
  19 27
net837 4
  11 50
  7 50
  13 47
  12 51
net838 3
  62 61
  58 60
  58 62
net839 2
  40 25
  40 27
net840 2
  77 34
  74 34
net841 3
  12 36
  9 34
  13 32
net842 4
  54 1
  55 0
  58 2
  52 0
net843 4
  51 50
  53 49
  51 46
  52 53
net844 4
  59 29
  56 28
  59 25
  60 27
net845 3
  1 10
  0 11
  2 12
net846 3
  46 46
  50 46
  49 47
net847 4
  33 51
  33 50
  31 48
  35 50
net848 2
  62 27
  63 29
net849 3
  55 23
  55 25
  52 25
net850 4
  24 5
  23 4
  23 9
  23 3
net851 3
  50 8
  49 9
  50 13
net852 4
  11 51
  12 53
  11 55
  11 56
net853 3
  30 45
  29 44
  32 47
net854 3
  34 42
  37 40
  37 44
net855 4
  33 5
  31 7
  29 6
  33 0
net856 2
  11 12
  8 14
net857 4
  61 45
  62 44
  62 41
  61 49
net858 2
  76 37
  73 39
net859 3
  16 44
  20 43
  21 44
net860 3
  15 23
  19 23
  18 21
net861 4
  13 53
  16 51
  15 55
  15 53
net862 4
  53 0
  49 1
  55 3
  56 1
net863 4
  22 34
  19 34
  22 39
  23 34
net864 4
  70 62
  70 57
  69 62
  74 61
net865 4
  12 15
  12 17
  15 16
  10 12
net866 3
  74 12
  73 9
  75 11
net867 2
  36 24
  32 24
net868 3
  14 56
  14 53
  14 52
net869 2
  2 38
  4 40
net870 2
  55 29
  57 28
net871 4
  21 48
  19 49
  24 47
  20 44
net872 3
  54 63
  51 61
  54 58
net873 4
  72 47
  72 48
  71 51
  74 47
net874 4
  72 25
  71 21
  70 23
  74 27
net875 4
  18 38
  20 35
  17 35
  18 43
net876 2
  15 22
  16 19
net877 4
  78 41
  77 37
  78 38
  78 46
net878 2
  14 5
  19 5
net879 3
  2 16
  4 14
  0 16
net880 3
  50 53
  52 52
  48 53
net881 2
  78 39
  77 41
net882 2
  74 60
  73 63
net883 3
  11 49
  14 49
  9 52
net884 3
  48 60
  51 60
  50 58
net885 2
  47 41
  49 43
net886 2
  38 33
  40 36
net887 2
  19 26
  16 24
net888 4
  55 14
  51 15
  52 16
  53 16
net889 3
  23 57
  20 59
  25 55
net890 3
  46 61
  45 63
  49 62
net891 2
  25 3
  30 3
net892 2
  76 49
  78 47
net893 2
  25 5
  26 6
net894 4
  52 7
  54 5
  53 7
  50 5
net895 4
  72 51
  72 50
  75 53
  73 52
net896 2
  19 3
  19 0
net897 4
  74 29
  74 25
  72 30
  72 32
net898 4
  48 9
  46 12
  46 6
  48 8
net899 3
  45 60
  43 58
  46 56
net900 3
  12 13
  15 12
  13 11
net901 4
  72 59
  72 54
  71 63
  72 61
net902 2
  78 36
  76 36
net903 3
  17 52
  14 50
  17 57
net904 2
  68 2
  67 1
net905 4
  28 45
  24 45
  29 45
  25 44
net906 2
  24 58
  20 57
net907 2
  44 5
  47 4
net908 2
  53 19
  54 20
net909 4
  64 47
  65 45
  63 45
  65 48
net910 3
  41 20
  36 20
  41 24
net911 2
  8 7
  10 5
net912 2
  28 44
  25 42
net913 4
  52 34
  54 34
  50 36
  53 38
net914 2
  22 1
  20 1
net915 4
  31 45
  29 47
  33 46
  33 45
net916 4
  57 3
  55 5
  60 4
  55 2
net917 3
  18 26
  20 24
  15 25
net918 2
  34 13
  32 15
net919 3
  69 9
  70 5
  69 6
net920 2
  46 0
  44 2
net921 3
  32 2
  31 0
  35 3
net922 2
  46 24
  44 24
net923 2
  51 30
  54 32
net924 3
  13 4
  17 4
  16 3
net925 4
  53 34
  54 30
  55 32
  54 35
net926 4
  47 13
  46 17
  45 14
  49 11
net927 2
  0 32
  2 31
net928 3
  22 32
  25 34
  21 31
net929 2
  46 58
  48 57
net930 4
  12 18
  10 15
  13 17
  13 20
net931 3
  7 27
  5 25
  9 26
net932 2
  29 48
  29 43
net933 3
  45 41
  41 42
  42 42
net934 3
  48 49
  46 47
  50 52
net935 4
  35 20
  36 17
  35 16
  35 17
net936 3
  11 58
  9 61
  14 59
net937 2
  72 31
  69 29
net938 2
  16 42
  17 45
net939 3
  77 15
  74 15
  78 15
net940 2
  33 40
  34 38
net941 4
  14 19
  16 20
  13 23
  17 20
net942 4
  32 25
  35 23
  32 21
  33 29
net943 3
  32 49
  29 49
  33 49
net944 3
  76 21
  74 21
  74 22
net945 4
  41 50
  37 50
  45 51
  42 46
net946 4
  44 63
  43 61
  48 63
  41 63
net947 2
  33 59
  32 62
net948 2
  25 50
  24 52
net949 3
  32 36
  31 40
  32 31
net950 2
  47 60
  44 59
net951 4
  33 17
  28 17
  29 18
  32 13
net952 2
  10 24
  11 23
net953 4
  54 47
  56 50
  57 45
  58 46
net954 2
  45 34
  45 30
net955 3
  55 15
  52 13
  57 17
net956 4
  44 16
  44 11
  42 19
  42 15
net957 3
  48 55
  51 53
  44 55
net958 2
  68 6
  70 6
net959 2
  42 36
  38 36
net960 2
  54 54
  54 52
net961 4
  19 55
  18 53
  17 54
  19 60
net962 3
  79 23
  78 21
  76 25
net963 2
  0 45
  2 42
net964 3
  44 36
  44 37
  47 34
net965 4
  39 6
  42 7
  37 4
  41 8
net966 3
  66 3
  65 0
  63 1
net967 3
  41 9
  39 12
  40 5
net968 4
  0 41
  4 42
  0 43
  2 41
net969 4
  69 43
  66 43
  69 38
  67 44
net970 4
  7 21
  6 23
  3 21
  4 23
net971 3
  50 11
  49 15
  53 9
net972 4
  49 34
  46 33
  49 38
  51 33
net973 2
  17 26
  14 24
net974 4
  78 42
  78 45
  78 37
  76 40
net975 4
  57 15
  61 14
  59 16
  57 19
net976 3
  52 42
  53 45
  56 42
net977 3
  60 45
  56 46
  58 45
net978 2
  23 25
  24 28
net979 3
  41 58
  41 59
  38 60
net980 3
  1 14
  3 16
  4 16
net981 3
  48 31
  50 33
  50 34
net982 4
  31 21
  27 21
  31 26
  32 19
net983 4
  11 45
  10 42
  10 48
  11 42
net984 3
  60 15
  62 18
  65 15
net985 4
  47 5
  42 5
  50 3
  49 6
net986 3
  50 56
  52 57
  51 52
net987 3
  18 52
  18 48
  18 55
net988 4
  27 1
  24 0
  30 0
  23 1
net989 4
  71 7
  69 10
  72 10
  72 4
net990 3
  65 33
  61 34
  66 34
net991 4
  32 7
  33 8
  33 9
  31 6
net992 3
  31 12
  31 8
  33 14
net993 4
  46 16
  50 15
  44 18
  45 18
net994 4
  47 46
  45 48
  50 44
  47 43
net995 3
  60 23
  58 21
  59 27
net996 3
  63 40
  62 43
  66 41
net997 4
  44 62
  48 61
  46 62
  46 59
net998 2
  10 43
  7 44
net999 2
  55 36
  53 37
net1000 3
  35 21
  35 22
  36 23
net1001 4
  61 57
  57 56
  61 56
  62 59
net1002 3
  7 3
  5 3
  8 5
net1003 3
  32 44
  32 40
  30 44
net1004 2
  5 54
  5 58
net1005 2
  25 46
  22 46
net1006 2
  26 28
  25 32
net1007 3
  75 51
  79 51
  79 50
net1008 3
  43 33
  43 36
  41 35
net1009 3
  55 26
  58 26
  58 24
net1010 4
  73 35
  70 33
  72 37
  74 39
net1011 3
  26 34
  29 34
  25 35
net1012 4
  7 35
  10 37
  9 35
  6 36
net1013 4
  30 39
  29 36
  27 39
  29 39
net1014 4
  27 44
  29 46
  27 43
  27 41
net1015 2
  23 60
  25 58
net1016 3
  16 1
  16 4
  16 0
net1017 2
  3 17
  4 13
net1018 3
  78 11
  79 11
  74 11
net1019 2
  12 8
  15 8
net1020 4
  22 62
  21 60
  19 62
  26 63
net1021 4
  5 48
  0 48
  8 47
  6 49
net1022 3
  39 31
  40 30
  39 36
net1023 4
  46 39
  49 39
  46 34
  49 41
net1024 3
  76 5
  76 9
  73 4
net1025 4
  63 38
  65 35
  63 35
  62 38
net1026 4
  54 42
  53 46
  53 44
  59 42
net1027 3
  71 56
  70 56
  67 57
net1028 2
  17 21
  18 23
net1029 2
  71 17
  69 20
net1030 4
  67 18
  70 19
  64 17
  68 19
net1031 4
  63 10
  66 9
  62 12
  63 7
net1032 3
  58 56
  57 59
  60 54
net1033 4
  51 62
  52 62
  48 62
  49 60
net1034 3
  3 7
  1 9
  4 6
net1035 3
  60 22
  64 22
  61 22
net1036 2
  0 23
  2 25
net1037 3
  78 10
  78 5
  75 9
net1038 3
  20 45
  19 42
  19 45
net1039 3
  58 3
  60 1
  61 4
net1040 2
  28 49
  29 51
net1041 4
  74 46
  71 44
  74 42
  74 44
net1042 4
  8 60
  12 60
  13 60
  7 59
net1043 4
  3 23
  4 24
  1 23
  7 24
net1044 4
  28 40
  28 43
  28 42
  27 38
net1045 3
  51 63
  46 63
  55 63
net1046 3
  68 42
  68 43
  70 45
net1047 3
  61 6
  62 7
  60 6
net1048 3
  35 53
  37 56
  40 53
net1049 2
  62 25
  61 28
net1050 4
  17 49
  18 45
  21 49
  21 50
net1051 2
  3 41
  5 39
net1052 2
  27 14
  25 15
net1053 3
  77 26
  77 22
  77 21
net1054 2
  27 30
  27 29
net1055 4
  29 16
  25 17
  30 18
  27 17
net1056 2
  31 47
  31 43
net1057 4
  58 31
  59 35
  57 29
  57 32
net1058 3
  32 1
  33 4
  30 2
net1059 2
  12 48
  15 46
net1060 4
  26 18
  29 17
  26 22
  22 19
net1061 2
  32 52
  27 52
net1062 3
  8 20
  9 24
  11 20
net1063 3
  40 52
  41 56
  40 49
net1064 2
  51 45
  50 42
net1065 3
  5 26
  2 28
  7 25
net1066 3
  12 38
  8 38
  11 35
net1067 4
  27 46
  25 48
  32 46
  26 50
net1068 2
  54 36
  56 36
net1069 3
  4 61
  1 62
  1 60
net1070 4
  2 49
  3 45
  1 46
  2 48
net1071 2
  31 10
  36 10
net1072 2
  64 57
  68 58
net1073 2
  44 47
  47 48
net1074 2
  51 57
  53 55
net1075 4
  54 60
  57 62
  52 58
  55 58
net1076 3
  65 44
  64 48
  67 46
net1077 4
  46 19
  47 21
  46 14
  45 21
net1078 4
  24 20
  22 22
  24 15
  28 20
net1079 4
  72 35
  69 34
  71 35
  74 33
net1080 3
  23 13
  23 18
  22 11
net1081 2
  50 19
  52 18
net1082 3
  77 18
  78 16
  78 19
net1083 3
  41 52
  41 54
  37 51
net1084 3
  15 36
  13 36
  14 38
net1085 4
  72 42
  73 45
  73 41
  70 39
net1086 3
  9 11
  9 7
  8 15
net1087 2
  56 12
  56 11
net1088 4
  14 10
  16 13
  15 7
  12 9
net1089 2
  35 63
  35 58
net1090 2
  23 15
  24 11
net1091 3
  18 5
  16 8
  21 6
net1092 4
  25 21
  25 20
  28 23
  23 19
net1093 2
  42 41
  44 42
net1094 3
  28 1
  28 3
  28 2
net1095 3
  23 23
  23 20
  19 24
net1096 4
  26 49
  27 45
  26 46
  25 52
net1097 4
  47 37
  47 32
  42 37
  44 38
net1098 2
  34 44
  33 48
net1099 4
  29 3
  32 5
  30 5
  29 5
net1100 2
  31 5
  33 2
net1101 3
  0 4
  1 1
  2 4
net1102 4
  41 11
  39 14
  38 12
  44 9
net1103 2
  53 22
  56 24
net1104 3
  55 9
  60 9
  56 5
net1105 4
  72 36
  73 36
  73 40
  70 35
net1106 2
  74 57
  73 53
net1107 2
  47 58
  45 56
net1108 3
  74 37
  74 36
  74 41
net1109 3
  60 21
  56 21
  62 19
net1110 3
  52 8
  54 8
  50 9
net1111 2
  22 57
  22 54
net1112 3
  70 26
  72 27
  69 26
net1113 2
  24 7
  22 5
net1114 4
  23 55
  24 57
  25 57
  23 59
net1115 4
  16 50
  14 48
  13 49
  18 51
net1116 4
  42 55
  42 50
  41 51
  43 57
net1117 3
  7 61
  9 60
  8 59
net1118 3
  58 10
  60 7
  60 8
net1119 2
  45 32
  42 32
net1120 3
  77 46
  76 48
  77 49
net1121 2
  11 38
  12 41
net1122 3
  68 20
  68 18
  66 22
net1123 3
  22 16
  24 17
  22 15
net1124 3
  75 20
  71 19
  75 17
net1125 3
  78 27
  75 29
  77 29
net1126 3
  23 5
  27 5
  22 7
net1127 2
  47 27
  46 23
net1128 4
  43 18
  43 15
  45 19
  41 16
net1129 4
  13 30
  12 31
  8 30
  16 32
net1130 2
  58 52
  58 49
net1131 2
  8 31
  10 32
net1132 3
  74 17
  75 18
  79 17
net1133 2
  28 36
  30 36
net1134 3
  33 62
  31 60
  34 61
net1135 2
  65 19
  66 23
net1136 4
  50 12
  51 16
  52 10
  51 13
net1137 4
  66 28
  67 31
  67 30
  65 32
net1138 4
  55 13
  57 14
  51 12
  53 12
net1139 3
  49 56
  48 52
  45 57
net1140 4
  66 18
  66 20
  69 18
  69 16
net1141 2
  47 49
  46 45
net1142 2
  42 60
  43 63
net1143 2
  23 48
  20 50
net1144 4
  32 48
  33 52
  35 48
  27 48
net1145 3
  11 28
  14 28
  14 26
net1146 4
  46 57
  44 54
  42 57
  43 59
net1147 3
  22 40
  24 40
  24 41
net1148 2
  37 15
  39 16
net1149 2
  49 35
  51 37
net1150 4
  61 9
  58 9
  62 6
  58 11
net1151 2
  31 3
  29 0
net1152 2
  68 5
  70 4
net1153 4
  66 35
  66 39
  63 37
  65 37
net1154 4
  1 2
  0 2
  0 5
  1 6
net1155 3
  25 0
  21 1
  24 4
net1156 3
  56 45
  54 46
  57 47
net1157 2
  40 44
  40 43
net1158 3
  17 61
  20 63
  17 56
net1159 4
  48 28
  52 28
  46 26
  48 26
net1160 2
  3 63
  6 62
net1161 4
  42 4
  41 0
  42 3
  41 5
net1162 4
  4 15
  4 18
  3 11
  7 14
net1163 3
  5 35
  3 32
  10 35
net1164 3
  42 1
  39 0
  37 1
net1165 2
  67 21
  65 22
net1166 3
  40 8
  37 6
  38 7
net1167 4
  28 11
  30 14
  28 8
  23 11
net1168 2
  34 7
  29 7
net1169 3
  30 23
  34 24
  33 25
net1170 3
  43 47
  42 49
  45 44
net1171 2
  70 38
  69 39
net1172 3
  55 48
  56 49
  55 43
net1173 3
  77 55
  75 52
  78 54
net1174 4
  72 60
  68 59
  70 61
  75 62
net1175 3
  36 29
  37 33
  39 27
net1176 2
  2 34
  1 33
net1177 3
  18 37
  19 37
  15 37
net1178 3
  54 26
  51 24
  54 25
net1179 4
  1 22
  2 20
  1 18
  2 18
net1180 2
  63 20
  62 16
net1181 4
  70 22
  72 20
  68 23
  72 22
net1182 2
  70 36
  70 34
net1183 2
  69 40
  68 39
net1184 4
  25 51
  24 54
  25 53
  27 53
net1185 4
  5 22
  8 24
  8 22
  6 26
net1186 2
  72 11
  72 6
net1187 2
  57 63
  56 60
net1188 4
  29 59
  30 61
  29 57
  28 61
net1189 3
  36 57
  33 56
  35 60
net1190 2
  36 25
  38 24
net1191 3
  73 12
  73 10
  72 12
net1192 3
  54 61
  52 63
  50 61
net1193 2
  68 1
  67 2
net1194 3
  6 20
  8 19
  1 20
net1195 2
  37 45
  41 45
net1196 3
  69 1
  67 3
  69 0
net1197 3
  47 20
  49 18
  45 22
net1198 3
  22 63
  24 60
  24 62
net1199 2
  18 12
  19 11
net1200 3
  42 51
  43 49
  45 49
net1201 3
  7 55
  5 57
  12 55
net1202 2
  2 43
  6 42
net1203 2
  41 26
  44 27
net1204 3
  77 0
  77 4
  77 5
net1205 3
  14 47
  17 48
  14 45
net1206 4
  8 46
  4 45
  8 44
  9 48
net1207 3
  58 6
  59 6
  59 4
net1208 3
  11 21
  10 25
  13 24
net1209 3
  67 0
  71 0
  64 2
net1210 4
  18 58
  21 56
  14 57
  15 59
net1211 2
  69 30
  69 32
net1212 2
  16 54
  17 53
net1213 4
  3 49
  1 47
  0 50
  1 51
net1214 2
  41 57
  39 57
net1215 4
  61 55
  61 52
  61 60
  61 53
net1216 3
  32 30
  36 31
  29 29
net1217 2
  67 5
  67 8
net1218 2
  36 52
  38 51
net1219 3
  4 10
  5 8
  4 12
net1220 2
  52 5
  56 4
net1221 4
  39 10
  39 13
  42 12
  40 13
net1222 2
  53 47
  54 50
net1223 4
  13 57
  16 57
  12 57
  16 56
net1224 3
  32 41
  34 41
  32 39
net1225 2
  42 31
  43 31
net1226 3
  0 37
  2 36
  2 35
net1227 4
  57 23
  54 22
  57 20
  58 22
net1228 4
  40 20
  39 21
  42 21
  44 21
net1229 4
  34 34
  30 33
  39 34
  35 32
net1230 4
  76 26
  77 23
  75 26
  73 28
net1231 3
  38 42
  37 39
  38 46
net1232 2
  74 35
  71 34
net1233 2
  30 4
  29 2
net1234 3
  44 23
  48 23
  46 20
net1235 4
  6 59
  2 59
  6 63
  3 60
net1236 2
  9 62
  12 61
net1237 3
  17 60
  18 57
  16 60
net1238 3
  60 32
  62 35
  60 35
net1239 2
  32 3
  32 0
net1240 2
  51 35
  52 33
net1241 3
  20 9
  21 10
  21 12
net1242 2
  19 50
  19 54
net1243 3
  49 42
  51 44
  49 37
net1244 3
  21 42
  21 41
  21 45
net1245 4
  78 12
  77 11
  77 9
  78 9
net1246 2
  75 6
  78 6
net1247 4
  65 58
  67 61
  66 62
  69 58
net1248 4
  30 59
  30 60
  31 59
  29 60
net1249 3
  39 62
  40 63
  42 61
net1250 2
  21 47
  19 48
net1251 4
  11 29
  10 33
  10 29
  12 30
net1252 4
  6 25
  5 28
  6 30
  3 27
net1253 3
  33 23
  32 27
  36 21
net1254 2
  74 31
  76 32
net1255 4
  52 4
  51 3
  51 0
  53 1
net1256 2
  1 30
  0 30
net1257 4
  0 47
  0 42
  2 45
  3 47
net1258 2
  17 63
  16 61
net1259 2
  3 62
  4 59
net1260 2
  69 35
  68 33
net1261 4
  43 6
  45 7
  48 6
  43 4
net1262 4
  23 6
  26 8
  20 4
  23 7
net1263 3
  36 54
  37 58
  36 58
net1264 2
  40 24
  39 23
net1265 2
  63 3
  59 2
net1266 4
  2 26
  0 27
  3 28
  1 26
net1267 3
  30 58
  30 63
  34 58
net1268 2
  7 5
  11 6
net1269 3
  31 34
  31 37
  29 31
net1270 2
  61 36
  62 34
net1271 4
  47 31
  44 31
  48 29
  48 30
net1272 2
  36 1
  35 0
net1273 4
  73 1
  73 3
  73 5
  71 3
net1274 2
  50 23
  49 20
net1275 3
  17 27
  16 27
  15 26
net1276 4
  42 24
  44 26
  39 24
  40 23
net1277 4
  62 50
  65 49
  59 50
  66 51
net1278 2
  64 62
  61 63
net1279 3
  6 39
  7 43
  2 39
net1280 3
  74 1
  75 3
  76 1
net1281 4
  51 55
  52 55
  53 53
  51 51
net1282 3
  78 35
  78 34
  77 35
net1283 3
  43 51
  47 51
  42 47
net1284 4
  64 35
  67 34
  61 33
  67 37
net1285 3
  76 17
  74 16
  77 14
net1286 2
  17 23
  16 21
net1287 4
  10 26
  12 25
  8 26
  10 30
net1288 3
  9 53
  10 57
  9 55
net1289 2
  28 35
  23 35
net1290 2
  67 40
  68 38
net1291 3
  67 39
  70 41
  64 38
net1292 3
  3 39
  1 38
  5 42
net1293 2
  69 15
  68 16
net1294 2
  66 42
  66 38
net1295 2
  32 38
  37 38
net1296 4
  77 10
  74 8
  73 11
  79 10
net1297 3
  15 62
  10 62
  17 62
net1298 2
  61 23
  61 21
net1299 3
  30 25
  30 24
  29 22
net1300 4
  54 21
  52 23
  53 20
  53 18
net1301 4
  79 13
  78 17
  76 13
  74 13
net1302 4
  9 42
  13 41
  9 37
  11 44
net1303 2
  26 55
  25 59
net1304 2
  53 62
  52 59
net1305 3
  24 48
  26 51
  24 43
net1306 2
  8 3
  12 4
net1307 3
  21 18
  20 15
  20 14
net1308 2
  67 58
  66 57
net1309 4
  61 40
  57 41
  63 39
  61 41
net1310 2
  75 10
  74 7
net1311 2
  51 28
  52 26
net1312 2
  25 16
  23 16
net1313 4
  11 15
  14 16
  13 18
  15 14
net1314 2
  9 21
  10 17
net1315 2
  19 29
  17 30
net1316 2
  50 35
  48 35
net1317 4
  76 11
  76 10
  75 15
  77 7
net1318 4
  30 1
  31 4
  33 3
  31 2
net1319 2
  23 51
  21 53
net1320 2
  14 51
  15 48
net1321 3
  10 47
  12 44
  12 47
net1322 3
  17 1
  12 1
  14 0
net1323 2
  77 50
  76 54
net1324 4
  0 31
  0 33
  1 35
  1 31
net1325 3
  2 51
  4 51
  3 53
net1326 2
  4 44
  5 41
net1327 4
  72 63
  74 63
  68 62
  75 63
net1328 2
  46 48
  41 48
net1329 3
  7 1
  4 0
  5 4
net1330 3
  12 46
  13 46
  14 43
net1331 4
  3 20
  6 18
  0 18
  7 20
net1332 2
  18 13
  17 11
net1333 2
  55 46
  56 43
net1334 4
  29 11
  33 12
  27 9
  26 13
net1335 3
  38 40
  41 38
  38 44
net1336 3
  36 51
  38 48
  39 51
net1337 2
  15 6
  19 7
net1338 3
  30 16
  29 15
  30 21
net1339 3
  18 0
  21 2
  23 0
net1340 2
  21 14
  21 13
net1341 3
  19 47
  17 47
  20 46
net1342 3
  78 29
  75 31
  75 27
net1343 4
  79 4
  77 3
  76 4
  79 6
net1344 2
  12 49
  12 50
net1345 2
  0 20
  0 15
net1346 3
  73 49
  73 50
  76 47
net1347 3
  31 53
  31 50
  32 51
net1348 2
  30 54
  26 53
net1349 2
  54 28
  50 27
net1350 3
  77 58
  73 58
  77 61
net1351 2
  31 9
  30 13
net1352 2
  49 50
  47 53
net1353 4
  65 40
  60 40
  64 42
  65 43
net1354 4
  27 8
  28 6
  27 13
  26 12
net1355 4
  47 52
  49 49
  49 55
  49 53
net1356 4
  74 10
  70 9
  75 8
  73 13
net1357 4
  48 34
  45 35
  48 36
  47 30
net1358 3
  1 45
  0 46
  3 48
net1359 3
  22 56
  23 54
  23 56
net1360 2
  10 28
  7 29
net1361 4
  19 17
  19 14
  18 17
  19 21
net1362 4
  12 27
  12 24
  11 26
  10 27
net1363 2
  36 16
  35 15
net1364 2
  21 35
  21 30
net1365 3
  60 24
  60 28
  61 27
net1366 4
  77 42
  75 40
  76 38
  76 45
net1367 3
  53 40
  53 39
  51 41
net1368 3
  62 20
  63 22
  62 23
net1369 2
  41 10
  43 10
net1370 4
  47 50
  48 46
  46 52
  45 47
net1371 4
  63 9
  63 8
  64 10
  60 11
net1372 2
  9 12
  13 12
net1373 3
  46 43
  45 42
  43 43
net1374 2
  59 48
  56 47
net1375 4
  29 4
  32 4
  28 0
  27 4
net1376 3
  47 47
  44 45
  44 49
net1377 3
  39 50
  40 51
  36 49
net1378 4
  30 42
  31 39
  29 40
  32 45
net1379 4
  29 52
  28 51
  30 53
  34 52
net1380 3
  37 25
  37 28
  40 26
net1381 3
  59 1
  64 1
  56 3
net1382 3
  51 19
  51 22
  53 17
net1383 2
  29 25
  29 28
net1384 2
  18 4
  17 6
net1385 4
  24 24
  24 26
  25 23
  21 24
net1386 2
  0 9
  2 6
net1387 4
  38 29
  34 28
  41 30
  37 26
net1388 3
  35 26
  31 27
  34 22
net1389 3
  52 17
  51 18
  47 17
net1390 4
  70 55
  70 52
  73 54
  71 54
net1391 2
  36 46
  39 47
net1392 2
  22 10
  22 13
net1393 2
  37 5
  35 5
net1394 2
  23 50
  24 46
net1395 3
  62 31
  58 30
  57 31
net1396 3
  72 8
  71 9
  73 8
net1397 2
  15 34
  18 34
net1398 3
  56 55
  54 57
  55 54
net1399 4
  70 8
  71 10
  66 8
  71 4
net1400 4
  41 44
  40 45
  43 42
  42 40
net1401 2
  66 5
  69 5
net1402 4
  26 31
  25 29
  30 32
  23 30
net1403 2
  16 46
  16 41
net1404 4
  12 33
  15 31
  12 35
  13 35
net1405 4
  42 39
  46 40
  43 39
  39 41
net1406 3
  48 41
  50 38
  51 42
net1407 3
  70 0
  69 2
  66 0
net1408 3
  11 59
  14 60
  13 62
net1409 3
  3 55
  5 55
  1 55
net1410 2
  23 38
  24 36
net1411 2
  1 36
  3 38
net1412 4
  49 36
  48 40
  51 38
  49 40
net1413 3
  30 38
  30 37
  26 37
net1414 3
  47 1
  47 3
  43 0
net1415 3
  44 28
  41 28
  44 32
net1416 4
  20 49
  18 46
  17 51
  21 51
net1417 4
  50 62
  47 63
  51 59
  55 62
net1418 3
  33 53
  33 58
  32 50
net1419 3
  62 2
  65 4
  63 5
net1420 3
  34 10
  34 15
  36 11
net1421 2
  22 0
  22 2
net1422 2
  0 7
  1 5
net1423 4
  31 63
  31 62
  29 63
  27 62
net1424 4
  4 11
  7 13
  2 11
  5 14
net1425 4
  30 10
  30 6
  28 9
  33 11
net1426 3
  8 9
  9 5
  9 6
net1427 2
  35 31
  37 29
net1428 4
  33 38
  33 35
  34 35
  33 37
net1429 3
  53 28
  51 25
  55 27
net1430 4
  28 60
  27 63
  24 61
  25 61
net1431 4
  48 19
  44 20
  51 17
  48 15
net1432 2
  22 45
  20 42
net1433 2
  54 3
  59 3
net1434 4
  45 58
  47 59
  45 54
  49 57
net1435 2
  4 58
  0 57
net1436 2
  49 25
  50 28
net1437 4
  59 18
  54 18
  56 20
  61 17
net1438 4
  19 43
  15 44
  23 42
  21 43
net1439 2
  55 47
  56 51
net1440 2
  11 0
  11 3
net1441 3
  5 5
  3 8
  7 2
net1442 2
  27 55
  28 52
net1443 4
  40 56
  41 55
  38 53
  40 55
net1444 4
  13 63
  11 62
  10 63
  11 63
net1445 4
  42 56
  43 53
  40 57
  44 57
net1446 2
  50 0
  45 0
net1447 4
  41 6
  40 4
  44 7
  42 10
net1448 3
  37 60
  33 61
  38 63
net1449 4
  67 50
  65 50
  66 54
  68 50
net1450 2
  75 38
  79 39
net1451 4
  44 19
  47 19
  45 23
  44 15
net1452 3
  76 34
  72 34
  77 32
net1453 4
  12 19
  13 19
  15 19
  12 20
net1454 4
  26 41
  29 42
  26 44
  25 39
net1455 3
  28 21
  28 18
  27 22
net1456 3
  39 17
  40 15
  38 18
net1457 3
  51 49
  50 50
  53 52
net1458 3
  20 7
  18 8
  25 7
net1459 3
  14 32
  15 33
  18 33
net1460 2
  42 26
  41 29
net1461 2
  18 15
  17 17
net1462 3
  44 40
  47 39
  44 35
net1463 3
  68 30
  64 29
  73 30
net1464 3
  72 16
  70 16
  73 17
net1465 4
  18 49
  16 48
  15 47
  18 44
net1466 4
  52 22
  54 24
  49 24
  49 22
net1467 3
  51 14
  47 15
  50 17
net1468 4
  40 11
  43 11
  40 16
  43 13
net1469 2
  62 33
  62 32
net1470 2
  60 12
  63 11
net1471 3
  49 48
  54 48
  52 47
net1472 4
  1 48
  1 44
  2 52
  4 46
net1473 2
  64 33
  63 36
net1474 2
  43 38
  43 34
net1475 3
  62 52
  62 56
  57 52
net1476 2
  34 20
  38 21
net1477 2
  64 15
  65 12
net1478 2
  9 2
  12 2
net1479 3
  21 54
  19 53
  21 52
net1480 4
  39 5
  38 3
  37 3
  39 3
net1481 2
  68 31
  68 27
net1482 4
  29 32
  34 32
  27 31
  27 34
net1483 2
  14 18
  17 16
net1484 4
  12 21
  14 20
  15 20
  11 18
net1485 2
  78 40
  77 39
net1486 2
  36 0
  34 1
net1487 2
  37 7
  35 6
net1488 2
  75 0
  78 0
net1489 4
  61 59
  62 63
  62 58
  62 57
net1490 4
  47 26
  45 24
  43 26
  49 29
net1491 3
  48 59
  46 60
  47 56
net1492 3
  53 48
  57 48
  57 49
net1493 3
  39 35
  42 34
  43 35
net1494 4
  44 46
  41 46
  43 44
  42 45
net1495 4
  45 37
  48 38
  42 35
  40 37
net1496 4
  41 47
  39 44
  40 47
  43 46
net1497 3
  27 54
  28 53
  26 52
net1498 2
  8 39
  10 39
net1499 2
  14 62
  12 62
net1500 4
  34 30
  32 28
  38 30
  37 31
net1501 3
  77 48
  77 53
  79 49
net1502 3
  66 46
  62 47
  67 49
net1503 4
  18 35
  17 33
  19 31
  16 38
net1504 3
  11 41
  14 39
  13 44
net1505 3
  1 56
  4 57
  2 56
net1506 2
  39 2
  38 0
net1507 4
  36 47
  35 45
  34 48
  36 44
net1508 4
  11 33
  12 34
  13 31
  13 34
net1509 4
  68 13
  70 10
  72 14
  67 11
net1510 4
  51 54
  49 54
  53 56
  48 56
net1511 3
  15 39
  17 41
  18 40
net1512 2
  75 19
  79 20
net1513 3
  59 24
  63 24
  63 25
net1514 3
  22 38
  20 41
  21 39
net1515 4
  62 60
  64 61
  60 63
  59 61
net1516 3
  36 9
  37 8
  36 8
net1517 3
  41 3
  43 1
  46 3
net1518 2
  59 0
  62 0
net1519 3
  52 37
  53 36
  53 33
net1520 4
  0 63
  0 61
  1 61
  1 59
net1521 2
  73 62
  76 60
net1522 2
  34 60
  36 61
net1523 4
  44 61
  40 62
  42 59
  42 63
net1524 3
  36 56
  34 55
  38 55
net1525 4
  78 18
  77 19
  77 17
  78 23
net1526 2
  29 13
  27 10
net1527 4
  17 40
  17 44
  17 43
  16 43
net1528 3
  35 41
  33 39
  38 43
net1529 4
  27 12
  27 15
  25 13
  28 14
net1530 3
  35 13
  32 14
  35 10
net1531 3
  48 7
  46 10
  48 3
net1532 2
  43 28
  42 27
net1533 3
  58 36
  61 38
  55 37
net1534 2
  38 61
  35 62
net1535 3
  51 20
  50 16
  53 23
net1536 3
  37 61
  32 61
  37 62
net1537 2
  35 4
  34 5
net1538 2
  42 0
  45 1
net1539 2
  28 32
  26 35
net1540 4
  13 3
  13 6
  13 5
  12 6
net1541 2
  39 54
  40 54
net1542 2
  49 33
  51 34
net1543 3
  75 12
  76 8
  74 9
net1544 2
  70 31
  69 28
net1545 4
  28 22
  26 21
  29 24
  29 19
net1546 3
  2 29
  4 30
  5 30
net1547 3
  38 54
  38 52
  39 58
net1548 3
  75 54
  75 50
  71 55
net1549 2
  3 2
  6 3
net1550 2
  7 8
  11 7
net1551 2
  35 14
  31 13
net1552 3
  78 63
  76 61
  78 61
net1553 4
  60 43
  61 42
  62 40
  61 47
net1554 3
  51 11
  51 9
  53 13
net1555 3
  11 48
  7 47
  10 45
net1556 3
  10 54
  13 56
  10 52
net1557 2
  33 20
  32 18
net1558 4
  69 23
  71 25
  69 19
  69 21
net1559 3
  76 46
  78 48
  76 50
net1560 4
  5 62
  9 63
  2 63
  6 58
net1561 2
  68 37
  68 41
net1562 2
  59 41
  63 41
net1563 4
  28 47
  30 50
  31 46
  27 47
net1564 3
  64 26
  67 24
  62 28
net1565 3
  58 53
  56 56
  58 48
net1566 2
  25 8
  26 4
net1567 4
  36 41
  37 41
  36 45
  33 43
net1568 2
  9 3
  9 0
net1569 2
  58 13
  56 14
net1570 3
  52 41
  52 40
  52 43
net1571 2
  75 35
  75 36
net1572 2
  7 0
  12 0
net1573 4
  3 61
  4 62
  2 60
  5 61
net1574 3
  41 25
  41 21
  40 29
net1575 3
  77 8
  75 5
  74 6
net1576 2
  42 48
  39 48
net1577 2
  22 31
  22 27
net1578 4
  20 61
  23 62
  18 60
  20 56
net1579 4
  45 10
  43 9
  45 6
  48 10
net1580 3
  71 42
  71 39
  69 42
net1581 2
  18 32
  19 32
net1582 2
  58 39
  58 37
net1583 3
  12 14
  11 14
  9 15
net1584 2
  53 51
  56 52
net1585 2
  42 8
  45 8
net1586 4
  5 6
  4 5
  8 4
  4 4
net1587 2
  15 52
  16 52
net1588 2
  19 41
  21 38
net1589 2
  71 41
  72 41
net1590 2
  6 16
  5 13
net1591 3
  20 5
  19 8
  16 6
net1592 2
  20 18
  19 20
net1593 4
  12 45
  9 44
  15 45
  14 44
net1594 3
  72 53
  72 56
  69 52
net1595 2
  33 33
  31 31
net1596 3
  23 24
  21 26
  22 23
net1597 3
  5 50
  8 49
  5 51
net1598 3
  49 26
  49 27
  50 26
net1599 2
  41 39
  41 43
net1600 3
  51 43
  55 42
  53 41
net1601 2
  66 48
  71 48
net1602 2
  13 21
  14 22
net1603 4
  74 24
  73 20
  71 23
  74 19
net1604 2
  32 26
  31 24
net1605 2
  70 13
  72 13
net1606 2
  5 19
  8 17
net1607 3
  21 23
  18 25
  23 22
net1608 3
  66 4
  67 4
  70 3
net1609 3
  23 21
  23 26
  22 24
net1610 2
  13 51
  14 54
net1611 2
  23 36
  24 38
net1612 3
  32 17
  28 16
  33 13
net1613 4
  74 3
  77 1
  71 1
  74 4
net1614 2
  1 57
  0 55
net1615 4
  24 12
  26 15
  25 9
  29 12
net1616 2
  66 32
  66 29
net1617 3
  59 5
  59 8
  58 5
net1618 3
  1 29
  3 31
  1 25
net1619 4
  26 9
  26 5
  27 6
  25 6
net1620 2
  31 57
  33 55
net1621 3
  48 12
  52 12
  47 12
net1622 3
  9 17
  7 15
  7 18
net1623 2
  75 57
  78 57
net1624 2
  35 52
  38 50
net1625 3
  0 1
  3 1
  2 0
net1626 2
  49 30
  50 30
net1627 3
  32 63
  35 61
  29 61
net1628 3
  6 44
  5 40
  4 43
net1629 2
  39 37
  37 36
net1630 2
  76 19
  78 20
net1631 4
  42 16
  38 17
  38 15
  41 13
net1632 3
  34 3
  34 6
  34 2
net1633 4
  5 34
  5 37
  9 33
  7 36
net1634 2
  70 1
  72 2
net1635 3
  24 44
  22 47
  26 47
net1636 2
  14 58
  14 63
net1637 4
  5 53
  3 51
  7 56
  7 52
net1638 2
  24 51
  22 52
net1639 2
  8 29
  7 26
net1640 2
  62 49
  62 48
net1641 4
  56 35
  57 36
  59 34
  55 39
net1642 4
  54 33
  57 33
  58 33
  56 31
net1643 2
  20 12
  19 15
net1644 3
  79 34
  77 33
  77 36
net1645 2
  72 3
  74 5
net1646 2
  10 38
  9 41
net1647 2
  57 30
  60 31
net1648 3
  59 63
  57 61
  56 62
net1649 2
  58 41
  59 40
net1650 4
  19 28
  18 24
  15 29
  22 29
net1651 3
  46 8
  46 5
  46 13
net1652 2
  40 59
  39 61
net1653 2
  70 59
  71 60
net1654 2
  37 59
  36 60
net1655 2
  62 39
  66 40
net1656 2
  38 47
  37 46
net1657 4
  50 41
  51 39
  52 39
  48 44
net1658 4
  65 52
  63 52
  64 55
  68 54
net1659 2
  73 31
  73 34
net1660 3
  49 16
  52 15
  49 14
net1661 3
  29 21
  27 18
  26 19
net1662 4
  28 10
  30 11
  28 15
  29 8
net1663 2
  24 27
  27 25
net1664 2
  68 49
  67 52
net1665 2
  68 24
  70 21
net1666 2
  13 9
  10 9
net1667 2
  8 0
  8 2
net1668 2
  40 12
  43 14
net1669 4
  11 5
  13 2
  10 4
  11 1
net1670 3
  71 16
  73 19
  70 12
net1671 4
  56 58
  53 60
  55 61
  57 54
net1672 3
  23 31
  25 30
  21 34
net1673 2
  0 29
  3 30
net1674 2
  39 55
  43 55
net1675 2
  78 49
  79 53
net1676 2
  59 62
  54 62
net1677 3
  5 15
  5 12
  7 12
net1678 2
  8 57
  8 56
net1679 3
  58 44
  57 44
  57 40
net1680 2
  0 21
  3 22
net1681 2
  59 54
  60 53
net1682 4
  0 40
  0 39
  1 39
  0 44
net1683 2
  3 25
  4 21
net1684 2
  22 21
  24 22
net1685 3
  21 15
  18 16
  23 12
net1686 2
  32 16
  31 20
net1687 2
  60 0
  60 5
net1688 3
  26 38
  28 39
  25 40
net1689 2
  64 8
  62 10
net1690 2
  72 19
  72 18
net1691 2
  49 45
  45 46
net1692 2
  53 26
  51 23
net1693 4
  46 36
  46 32
  48 33
  47 38
net1694 4
  3 14
  1 16
  2 14
  0 13
net1695 2
  6 13
  7 17
net1696 3
  38 16
  39 18
  37 17
net1697 2
  30 20
  31 16
net1698 2
  66 19
  63 21
net1699 2
  22 36
  25 36
net1700 2
  74 40
  79 40
net1701 2
  65 14
  68 14
net1702 2
  44 50
  46 51
net1703 2
  16 22
  17 19
net1704 2
  55 6
  58 4
