grid 64 64
vertical capacity 4
horizontal capacity 4
num block 5
block 8 26
block 26 49
block 29 11
block 24 2
block 33 43
num net 1356
net0 3
  44 31
  42 33
  44 32
net1 2
  37 14
  40 13
net2 4
  16 25
  16 28
  16 23
  15 22
net3 2
  33 45
  32 48
net4 4
  58 19
  55 21
  59 23
  56 21
net5 3
  20 6
  16 7
  16 5
net6 4
  54 41
  57 40
  53 40
  57 39
net7 4
  55 51
  54 47
  58 51
  53 52
net8 2
  18 46
  21 45
net9 2
  8 0
  12 1
net10 2
  18 22
  16 20
net11 4
  16 16
  15 19
  15 16
  14 19
net12 4
  28 30
  27 33
  27 30
  26 27
net13 4
  14 31
  15 33
  15 35
  17 29
net14 2
  37 61
  38 59
net15 4
  35 4
  37 1
  36 3
  38 2
net16 4
  17 6
  19 8
  17 3
  17 11
net17 3
  13 63
  12 63
  14 63
net18 3
  19 12
  24 12
  19 16
net19 3
  40 30
  41 26
  43 28
net20 4
  22 18
  20 17
  23 19
  20 21
net21 2
  34 33
  30 33
net22 3
  3 59
  6 58
  6 59
net23 3
  32 43
  36 44
  30 41
net24 3
  22 1
  19 0
  19 3
net25 3
  26 24
  26 19
  27 23
net26 3
  11 53
  9 51
  10 53
net27 4
  34 17
  35 21
  36 20
  33 14
net28 3
  3 3
  3 5
  3 1
net29 2
  2 25
  1 21
net30 4
  62 30
  58 31
  62 32
  57 30
net31 2
  34 21
  34 16
net32 3
  14 36
  15 34
  17 34
net33 2
  45 45
  47 45
net34 3
  14 1
  16 4
  15 2
net35 3
  25 42
  30 42
  23 43
net36 3
  58 47
  60 46
  61 46
net37 4
  50 30
  47 31
  48 32
  51 34
net38 2
  21 52
  17 52
net39 4
  54 20
  54 22
  55 24
  57 19
net40 2
  35 62
  35 59
net41 2
  48 54
  49 57
net42 3
  48 63
  44 63
  46 63
net43 4
  21 57
  24 58
  26 57
  23 58
net44 2
  9 54
  4 54
net45 4
  35 6
  35 5
  34 2
  35 3
net46 3
  33 52
  31 51
  30 52
net47 2
  28 19
  25 21
net48 4
  56 1
  56 4
  56 6
  57 1
net49 3
  30 17
  32 18
  32 15
net50 2
  43 5
  44 1
net51 3
  60 31
  59 29
  60 35
net52 2
  20 35
  21 31
net53 4
  30 38
  31 34
  29 36
  25 38
net54 2
  32 53
  30 54
net55 3
  34 52
  31 53
  33 51
net56 4
  27 0
  30 2
  29 0
  26 3
net57 2
  0 57
  0 62
net58 3
  63 50
  60 51
  61 49
net59 2
  4 26
  9 26
net60 4
  61 44
  60 40
  62 43
  58 45
net61 2
  34 15
  34 14
net62 4
  30 51
  27 53
  29 50
  34 50
net63 2
  56 23
  61 23
net64 3
  36 4
  37 6
  35 0
net65 4
  24 48
  25 44
  27 47
  19 48
net66 3
  51 6
  50 9
  49 5
net67 3
  9 37
  6 36
  10 39
net68 2
  39 46
  41 43
net69 3
  0 32
  3 30
  1 33
net70 3
  14 25
  12 22
  13 29
net71 4
  49 31
  48 28
  52 30
  48 30
net72 3
  47 42
  44 42
  45 43
net73 3
  33 41
  29 42
  30 40
net74 4
  58 24
  62 23
  56 27
  57 28
net75 4
  55 11
  53 10
  53 13
  55 16
net76 3
  1 57
  3 55
  2 60
net77 2
  56 39
  61 39
net78 4
  21 4
  25 4
  23 5
  23 6
net79 3
  43 26
  44 27
  43 29
net80 2
  35 60
  37 63
net81 3
  26 10
  24 10
  27 10
net82 4
  27 43
  25 43
  26 44
  31 42
net83 4
  38 32
  38 36
  37 34
  40 33
net84 3
  36 25
  37 22
  35 28
net85 2
  40 38
  40 34
net86 4
  11 13
  12 12
  8 13
  8 12
net87 3
  33 63
  34 61
  34 63
net88 3
  36 24
  38 22
  34 27
net89 3
  4 62
  1 63
  4 63
net90 2
  53 46
  50 45
net91 2
  16 26
  15 24
net92 3
  21 26
  20 26
  17 27
net93 4
  54 40
  52 38
  54 35
  55 38
net94 3
  2 12
  1 15
  0 9
net95 4
  31 3
  27 3
  31 5
  32 0
net96 3
  20 38
  17 38
  23 38
net97 2
  13 34
  13 36
net98 4
  59 44
  55 43
  57 44
  56 44
net99 4
  30 21
  27 21
  29 20
  32 22
net100 2
  26 52
  23 50
net101 2
  11 7
  12 10
net102 2
  33 34
  35 37
net103 3
  26 48
  29 49
  25 47
net104 3
  31 26
  31 25
  26 26
net105 4
  24 15
  21 13
  24 13
  26 12
net106 4
  62 56
  62 52
  61 55
  58 57
net107 3
  26 15
  27 16
  27 11
net108 3
  11 12
  8 11
  7 11
net109 3
  0 44
  0 43
  2 47
net110 3
  49 51
  46 50
  51 53
net111 4
  52 59
  52 54
  51 61
  50 56
net112 3
  38 53
  37 52
  38 58
net113 2
  28 35
  23 35
net114 2
  10 58
  10 54
net115 3
  36 56
  37 55
  38 54
net116 3
  55 44
  53 43
  58 46
net117 3
  48 2
  52 3
  50 0
net118 2
  13 26
  10 25
net119 2
  1 30
  5 29
net120 2
  31 6
  29 9
net121 4
  2 46
  0 45
  3 45
  2 43
net122 2
  43 32
  43 31
net123 4
  38 4
  38 8
  39 0
  36 5
net124 3
  5 38
  5 43
  1 37
net125 4
  4 58
  4 53
  3 62
  8 57
net126 2
  57 20
  60 21
net127 3
  62 63
  62 62
  61 59
net128 3
  35 61
  32 61
  36 59
net129 2
  51 1
  49 4
net130 2
  20 23
  21 20
net131 3
  26 42
  28 42
  25 40
net132 4
  43 13
  40 14
  45 14
  41 15
net133 4
  44 21
  49 21
  45 22
  46 23
net134 4
  6 37
  10 37
  6 42
  4 36
net135 3
  62 51
  60 54
  60 49
net136 3
  50 8
  52 5
  48 11
net137 4
  31 44
  28 46
  29 44
  28 45
net138 2
  54 28
  51 26
net139 3
  63 57
  61 58
  63 54
net140 2
  48 19
  47 16
net141 3
  3 19
  2 20
  7 19
net142 2
  25 5
  24 5
net143 2
  62 13
  62 8
net144 3
  13 51
  12 48
  11 51
net145 2
  6 5
  6 9
net146 2
  15 51
  11 50
net147 2
  18 49
  19 53
net148 4
  8 29
  10 30
  9 28
  11 30
net149 2
  45 15
  44 17
net150 2
  59 51
  57 51
net151 4
  10 19
  9 23
  10 21
  11 21
net152 3
  41 52
  38 52
  41 55
net153 4
  61 40
  60 44
  58 38
  61 37
net154 4
  46 39
  43 41
  47 35
  45 39
net155 4
  39 6
  36 7
  42 4
  41 8
net156 4
  16 38
  11 38
  15 39
  18 38
net157 3
  9 18
  9 20
  7 16
net158 2
  46 14
  44 12
net159 3
  19 14
  17 14
  16 12
net160 2
  40 12
  39 14
net161 4
  62 26
  59 27
  61 24
  61 28
net162 2
  8 43
  12 44
net163 3
  51 14
  50 17
  52 12
net164 2
  18 4
  17 2
net165 2
  58 2
  60 5
net166 2
  34 20
  33 19
net167 2
  11 62
  6 62
net168 2
  30 7
  25 7
net169 3
  40 51
  38 48
  40 46
net170 4
  12 16
  14 13
  12 17
  11 18
net171 4
  44 0
  42 3
  40 0
  43 1
net172 3
  60 22
  57 21
  62 21
net173 2
  17 53
  17 56
net174 3
  1 4
  5 3
  6 4
net175 3
  7 57
  4 56
  8 59
net176 2
  24 61
  21 62
net177 3
  59 3
  58 7
  55 4
net178 4
  60 38
  59 42
  56 38
  58 37
net179 4
  46 46
  51 46
  47 46
  47 48
net180 4
  26 21
  22 20
  26 22
  28 24
net181 3
  29 58
  29 59
  32 58
net182 4
  15 38
  15 41
  16 41
  17 40
net183 3
  31 33
  29 32
  32 31
net184 2
  37 15
  36 11
net185 3
  5 2
  9 2
  6 0
net186 2
  55 3
  58 1
net187 3
  17 54
  13 53
  13 54
net188 4
  17 42
  18 42
  18 45
  14 43
net189 4
  33 46
  36 46
  33 50
  31 47
net190 2
  28 54
  28 59
net191 3
  17 15
  13 15
  22 15
net192 2
  22 47
  25 49
net193 4
  49 37
  50 34
  52 35
  49 35
net194 3
  34 34
  29 34
  34 35
net195 4
  58 40
  59 38
  59 39
  61 41
net196 4
  28 28
  27 31
  31 29
  27 24
net197 2
  60 48
  61 45
net198 3
  60 12
  59 14
  61 14
net199 4
  18 33
  19 32
  19 36
  20 32
net200 3
  29 24
  29 28
  31 27
net201 4
  45 63
  41 62
  47 61
  47 63
net202 2
  19 51
  21 53
net203 3
  56 36
  58 36
  59 34
net204 3
  10 55
  9 55
  10 56
net205 4
  16 22
  17 24
  17 23
  16 19
net206 2
  4 50
  5 51
net207 3
  24 47
  23 48
  21 49
net208 4
  0 13
  1 13
  5 13
  0 12
net209 2
  59 28
  57 25
net210 3
  36 57
  34 56
  33 55
net211 4
  32 60
  31 56
  29 61
  32 59
net212 2
  22 12
  24 14
net213 4
  21 7
  21 3
  24 8
  17 7
net214 4
  13 47
  10 47
  9 46
  11 48
net215 2
  12 31
  13 27
net216 2
  53 22
  54 18
net217 3
  56 50
  56 52
  57 54
net218 2
  16 36
  20 36
net219 2
  43 21
  43 17
net220 3
  61 36
  60 34
  63 33
net221 2
  42 13
  43 16
net222 2
  26 33
  25 37
net223 4
  7 37
  6 39
  5 37
  11 36
net224 4
  0 6
  2 3
  3 4
  2 4
net225 4
  59 0
  56 2
  60 2
  62 2
net226 3
  10 49
  11 45
  9 49
net227 2
  46 6
  44 9
net228 3
  21 16
  22 19
  22 16
net229 3
  58 59
  57 60
  57 57
net230 3
  61 5
  60 1
  60 7
net231 4
  48 12
  50 15
  43 12
  50 12
net232 3
  20 4
  18 3
  21 2
net233 4
  51 33
  50 37
  51 28
  53 34
net234 3
  14 18
  18 17
  14 16
net235 3
  10 13
  6 13
  9 11
net236 2
  5 1
  4 1
net237 3
  4 40
  5 40
  5 36
net238 4
  7 62
  12 62
  7 61
  5 60
net239 4
  24 21
  22 23
  28 22
  22 24
net240 2
  57 11
  54 13
net241 2
  57 56
  58 52
net242 3
  46 2
  42 1
  47 2
net243 4
  33 1
  34 4
  37 2
  32 5
net244 3
  30 37
  28 37
  32 35
net245 3
  25 34
  24 37
  23 31
net246 4
  30 1
  33 3
  30 3
  28 0
net247 2
  0 49
  2 52
net248 4
  36 2
  33 0
  32 3
  36 0
net249 2
  31 20
  30 22
net250 2
  19 34
  21 35
net251 3
  31 32
  28 31
  32 28
net252 4
  62 39
  63 38
  60 41
  63 41
net253 2
  18 48
  19 44
net254 2
  22 11
  18 12
net255 2
  52 4
  53 6
net256 4
  59 26
  54 26
  57 27
  60 28
net257 3
  31 10
  29 13
  32 14
net258 2
  47 36
  46 36
net259 4
  46 40
  43 38
  44 38
  42 41
net260 2
  12 51
  11 47
net261 4
  30 29
  31 31
  29 30
  30 30
net262 4
  53 42
  55 45
  48 42
  50 40
net263 3
  39 18
  36 16
  38 15
net264 3
  30 14
  27 12
  29 10
net265 3
  41 16
  44 16
  39 13
net266 2
  43 20
  45 17
net267 4
  6 16
  5 14
  3 15
  5 20
net268 3
  50 18
  51 21
  46 18
net269 4
  40 49
  41 47
  42 52
  37 48
net270 2
  30 56
  28 58
net271 4
  49 63
  50 61
  50 63
  49 61
net272 3
  38 56
  40 56
  36 55
net273 4
  32 27
  32 26
  35 26
  35 25
net274 2
  60 23
  61 20
net275 4
  41 57
  43 55
  43 59
  41 54
net276 4
  45 37
  46 34
  47 38
  45 32
net277 4
  44 5
  45 6
  41 4
  45 7
net278 4
  1 8
  1 9
  1 5
  1 10
net279 2
  1 48
  4 46
net280 3
  57 52
  53 51
  58 55
net281 4
  4 11
  2 11
  4 16
  5 11
net282 4
  36 47
  34 44
  38 45
  36 43
net283 2
  47 57
  51 57
net284 2
  20 11
  23 12
net285 2
  0 40
  1 39
net286 4
  50 1
  48 0
  50 2
  47 0
net287 3
  55 27
  54 29
  58 29
net288 4
  49 19
  45 19
  46 21
  49 15
net289 2
  56 30
  58 27
net290 4
  26 58
  27 61
  26 56
  27 59
net291 2
  16 53
  14 55
net292 4
  41 5
  42 8
  44 7
  42 2
net293 3
  55 9
  60 9
  54 8
net294 2
  40 48
  43 48
net295 3
  26 45
  24 46
  29 43
net296 3
  16 8
  14 10
  19 9
net297 4
  37 24
  40 24
  36 21
  34 24
net298 2
  32 20
  35 22
net299 3
  35 38
  36 41
  37 40
net300 2
  53 37
  52 33
net301 3
  20 10
  17 9
  20 8
net302 2
  41 30
  43 33
net303 2
  53 53
  53 55
net304 3
  63 48
  60 47
  63 43
net305 3
  48 15
  50 13
  43 15
net306 3
  55 1
  53 4
  55 6
net307 2
  25 52
  26 55
net308 2
  24 23
  25 23
net309 2
  24 11
  23 8
net310 2
  3 10
  3 7
net311 2
  23 61
  22 61
net312 4
  17 59
  15 56
  16 60
  16 56
net313 3
  49 41
  50 38
  47 41
net314 2
  36 42
  37 41
net315 2
  49 53
  49 55
net316 2
  23 33
  25 35
net317 4
  21 24
  20 22
  22 27
  23 27
net318 3
  56 48
  55 50
  56 53
net319 3
  23 15
  21 15
  25 17
net320 3
  28 63
  26 60
  23 63
net321 3
  31 11
  28 13
  32 11
net322 4
  20 13
  20 9
  20 12
  21 11
net323 2
  48 1
  45 0
net324 2
  54 19
  56 20
net325 4
  53 14
  52 17
  57 13
  51 11
net326 4
  40 31
  41 32
  42 31
  40 32
net327 3
  29 39
  27 41
  31 40
net328 2
  5 61
  6 63
net329 2
  22 57
  25 57
net330 2
  24 36
  25 32
net331 4
  39 40
  38 39
  40 44
  39 41
net332 4
  38 26
  38 28
  40 27
  37 30
net333 3
  53 29
  51 29
  56 28
net334 2
  13 22
  13 25
net335 3
  39 24
  40 23
  38 27
net336 2
  34 45
  37 44
net337 4
  19 15
  19 19
  20 19
  22 13
net338 2
  62 46
  59 45
net339 4
  46 28
  50 28
  47 28
  45 29
net340 3
  17 12
  18 14
  15 12
net341 3
  34 22
  35 18
  30 23
net342 2
  6 34
  7 30
net343 3
  11 16
  11 11
  8 14
net344 3
  47 3
  47 7
  51 2
net345 3
  44 6
  42 7
  46 5
net346 4
  7 25
  6 26
  8 25
  10 26
net347 4
  52 39
  48 40
  51 43
  51 36
net348 4
  30 59
  27 58
  29 60
  29 63
net349 3
  49 20
  51 17
  52 22
net350 2
  58 58
  59 57
net351 4
  15 58
  15 54
  17 60
  16 58
net352 2
  3 31
  5 28
net353 2
  47 1
  45 1
net354 4
  37 29
  37 25
  36 31
  35 29
net355 3
  26 9
  25 12
  27 7
net356 4
  1 1
  0 1
  4 2
  1 6
net357 2
  2 28
  4 25
net358 4
  20 48
  24 49
  20 52
  20 49
net359 4
  9 14
  12 14
  9 10
  9 12
net360 4
  47 4
  44 2
  46 4
  48 4
net361 3
  63 58
  62 60
  62 54
net362 3
  11 6
  16 6
  11 3
net363 3
  47 19
  45 16
  43 18
net364 2
  32 38
  31 37
net365 4
  40 53
  42 51
  43 52
  37 54
net366 2
  44 54
  48 55
net367 2
  15 27
  16 29
net368 3
  60 26
  59 25
  61 30
net369 3
  40 19
  41 17
  42 19
net370 2
  37 23
  39 23
net371 4
  58 48
  57 50
  59 49
  55 47
net372 2
  32 10
  32 8
net373 2
  19 10
  17 8
net374 3
  3 48
  5 45
  4 45
net375 4
  38 38
  36 39
  41 37
  36 40
net376 4
  7 13
  8 15
  10 12
  6 11
net377 3
  59 40
  60 43
  59 41
net378 3
  61 1
  60 0
  61 4
net379 2
  7 20
  4 19
net380 2
  12 57
  12 53
net381 4
  30 6
  32 9
  31 2
  29 4
net382 3
  36 22
  40 22
  39 21
net383 2
  34 30
  34 29
net384 2
  27 17
  25 18
net385 3
  6 46
  3 46
  9 45
net386 2
  13 28
  10 29
net387 2
  2 31
  6 32
net388 3
  28 52
  28 53
  29 52
net389 3
  22 36
  18 35
  21 34
net390 4
  29 26
  25 26
  27 28
  24 26
net391 3
  52 56
  55 57
  52 53
net392 4
  5 58
  0 58
  5 53
  3 61
net393 2
  12 56
  14 56
net394 4
  11 22
  10 23
  8 23
  11 20
net395 3
  25 10
  26 6
  26 14
net396 4
  8 18
  4 17
  5 18
  11 17
net397 2
  24 29
  23 30
net398 4
  48 34
  50 32
  46 32
  49 34
net399 4
  6 12
  6 7
  3 13
  1 12
net400 3
  48 59
  53 59
  48 62
net401 3
  60 4
  61 8
  59 7
net402 3
  28 41
  25 39
  28 40
net403 4
  1 3
  0 4
  0 2
  4 4
net404 2
  20 41
  21 38
net405 2
  55 53
  52 51
net406 2
  27 52
  24 51
net407 3
  45 49
  45 47
  45 46
net408 3
  52 49
  49 50
  50 47
net409 3
  24 44
  22 45
  27 44
net410 4
  34 18
  30 18
  33 15
  33 20
net411 4
  10 17
  9 21
  11 14
  9 15
net412 3
  31 39
  33 40
  31 43
net413 4
  63 45
  62 42
  62 44
  62 49
net414 3
  49 10
  46 9
  49 6
net415 3
  57 24
  61 25
  57 29
net416 3
  54 31
  54 32
  55 35
net417 3
  33 12
  32 13
  32 12
net418 3
  25 14
  26 13
  24 18
net419 4
  41 22
  42 26
  38 21
  38 24
net420 4
  34 59
  34 54
  36 58
  33 59
net421 4
  54 49
  54 50
  55 49
  52 50
net422 3
  50 25
  49 29
  49 25
net423 4
  31 12
  28 10
  31 7
  29 15
net424 2
  40 54
  39 50
net425 3
  24 56
  24 59
  21 58
net426 3
  3 52
  2 49
  0 54
net427 2
  21 25
  19 24
net428 4
  50 5
  49 9
  49 1
  48 3
net429 4
  12 52
  11 55
  16 52
  14 51
net430 2
  7 6
  5 9
net431 2
  8 61
  10 61
net432 4
  50 31
  53 30
  48 31
  47 33
net433 4
  30 44
  30 48
  32 45
  28 47
net434 3
  44 62
  41 61
  43 61
net435 2
  36 23
  35 24
net436 4
  60 57
  60 56
  63 55
  60 62
net437 4
  14 37
  16 37
  14 34
  17 37
net438 3
  58 23
  60 24
  61 21
net439 2
  3 57
  3 56
net440 3
  55 0
  55 2
  57 3
net441 2
  26 59
  27 56
net442 3
  29 12
  26 11
  27 15
net443 2
  19 35
  16 35
net444 4
  31 16
  29 16
  29 18
  33 18
net445 4
  54 36
  52 36
  56 34
  51 35
net446 2
  60 15
  58 13
net447 3
  58 61
  57 63
  55 63
net448 3
  51 55
  52 58
  54 57
net449 4
  61 9
  62 9
  62 10
  61 6
net450 4
  46 58
  46 61
  48 60
  44 55
net451 2
  50 4
  51 5
net452 2
  22 49
  21 47
net453 3
  48 23
  52 23
  49 23
net454 2
  42 54
  39 53
net455 4
  30 43
  32 44
  35 43
  32 41
net456 2
  2 30
  6 30
net457 2
  13 7
  9 6
net458 4
  26 28
  29 27
  27 29
  28 29
net459 2
  24 3
  24 1
net460 3
  21 23
  22 25
  23 24
net461 3
  0 11
  3 12
  2 9
net462 4
  4 20
  4 18
  5 16
  4 23
net463 2
  12 26
  13 24
net464 4
  38 46
  39 49
  41 46
  35 48
net465 4
  14 32
  14 29
  15 30
  14 27
net466 4
  25 30
  26 34
  23 29
  29 29
net467 2
  29 2
  28 1
net468 3
  38 12
  40 11
  41 12
net469 3
  1 58
  0 56
  0 60
net470 3
  34 36
  34 32
  33 38
net471 2
  1 29
  3 28
net472 2
  41 13
  36 13
net473 3
  44 37
  42 37
  47 39
net474 2
  48 7
  51 9
net475 2
  58 6
  58 5
net476 4
  24 50
  25 50
  21 51
  26 47
net477 2
  44 61
  42 59
net478 4
  30 25
  29 25
  30 26
  29 23
net479 2
  6 52
  11 52
net480 2
  52 45
  52 43
net481 2
  7 5
  10 6
net482 2
  54 58
  55 55
net483 3
  15 15
  16 13
  12 13
net484 4
  61 0
  59 1
  56 0
  62 0
net485 3
  45 11
  42 12
  48 10
net486 3
  62 55
  57 55
  60 52
net487 2
  21 44
  23 42
net488 2
  11 54
  9 56
net489 3
  46 8
  50 7
  45 5
net490 3
  48 46
  45 48
  51 47
net491 4
  53 21
  53 24
  55 20
  56 22
net492 3
  58 9
  59 5
  61 11
net493 2
  21 61
  18 59
net494 2
  33 53
  34 49
net495 2
  16 61
  17 61
net496 2
  44 19
  44 18
net497 4
  19 2
  19 5
  20 3
  22 0
net498 3
  60 45
  56 46
  60 42
net499 4
  60 14
  60 13
  60 10
  62 14
net500 3
  2 33
  2 32
  0 33
net501 2
  49 39
  48 39
net502 2
  15 63
  19 63
net503 2
  38 51
  39 47
net504 2
  26 4
  28 7
net505 3
  10 20
  12 23
  14 20
net506 4
  0 26
  5 26
  0 25
  1 25
net507 3
  60 39
  59 35
  57 41
net508 4
  57 8
  53 7
  53 9
  59 10
net509 4
  4 13
  6 10
  5 17
  4 14
net510 2
  27 36
  27 40
net511 2
  20 1
  21 1
net512 2
  11 59
  10 57
net513 3
  47 49
  46 53
  46 48
net514 4
  49 33
  52 31
  49 28
  52 34
net515 4
  52 46
  51 45
  50 43
  49 46
net516 3
  32 33
  31 36
  31 35
net517 4
  20 58
  23 59
  18 60
  23 60
net518 2
  3 27
  3 29
net519 3
  40 59
  38 61
  39 60
net520 3
  58 18
  57 16
  61 19
net521 4
  20 30
  20 29
  17 30
  18 27
net522 3
  43 39
  42 35
  47 40
net523 3
  4 60
  2 59
  5 57
net524 3
  38 34
  35 33
  38 31
net525 3
  15 44
  12 43
  13 43
net526 4
  51 3
  51 8
  54 3
  53 3
net527 4
  47 34
  45 31
  48 35
  46 31
net528 2
  25 63
  26 63
net529 3
  14 40
  12 41
  19 40
net530 4
  45 20
  40 20
  44 24
  48 22
net531 3
  44 47
  44 48
  44 51
net532 4
  21 37
  22 38
  23 39
  22 35
net533 3
  24 62
  25 62
  20 63
net534 4
  5 21
  5 23
  6 24
  8 22
net535 2
  2 8
  5 8
net536 3
  8 58
  9 59
  11 56
net537 4
  13 14
  13 10
  13 16
  9 13
net538 4
  31 15
  32 16
  27 14
  30 16
net539 4
  50 35
  48 36
  51 37
  49 36
net540 3
  16 30
  20 31
  14 28
net541 3
  57 0
  57 2
  56 3
net542 3
  51 20
  52 24
  53 23
net543 2
  51 4
  52 7
net544 4
  7 7
  5 10
  7 10
  10 8
net545 3
  41 25
  45 25
  39 28
net546 2
  6 23
  10 24
net547 2
  26 35
  26 31
net548 3
  21 28
  23 28
  22 30
net549 2
  59 11
  62 11
net550 2
  59 31
  57 33
net551 3
  60 33
  63 32
  60 37
net552 2
  10 63
  11 63
net553 2
  55 22
  55 17
net554 3
  62 59
  62 57
  62 61
net555 4
  42 58
  38 57
  40 57
  42 61
net556 2
  9 29
  11 32
net557 4
  5 5
  4 6
  6 8
  8 3
net558 2
  2 18
  1 19
net559 4
  20 51
  20 56
  19 49
  20 54
net560 4
  53 41
  54 43
  51 39
  51 42
net561 2
  18 19
  15 20
net562 4
  6 50
  5 47
  6 49
  4 48
net563 4
  3 21
  7 21
  5 22
  0 21
net564 2
  57 31
  54 30
net565 3
  7 8
  5 7
  4 10
net566 4
  8 37
  11 37
  7 35
  5 39
net567 2
  48 27
  48 29
net568 4
  0 53
  3 53
  2 56
  0 51
net569 3
  2 16
  3 18
  0 18
net570 3
  58 34
  57 35
  55 32
net571 4
  36 51
  37 47
  35 54
  33 49
net572 4
  44 8
  45 8
  41 6
  45 12
net573 4
  9 4
  10 7
  8 8
  5 4
net574 4
  40 62
  42 62
  43 60
  36 61
net575 4
  19 39
  19 38
  19 41
  19 37
net576 4
  49 54
  45 55
  46 52
  50 55
net577 2
  44 26
  45 24
net578 3
  12 30
  12 29
  16 31
net579 3
  41 34
  44 36
  42 38
net580 2
  42 23
  43 24
net581 3
  9 1
  5 0
  10 4
net582 2
  38 37
  38 40
net583 4
  35 34
  39 33
  36 30
  35 32
net584 2
  10 0
  6 1
net585 4
  8 24
  12 25
  9 27
  6 27
net586 4
  60 58
  63 56
  60 63
  59 59
net587 3
  31 0
  32 2
  32 1
net588 3
  49 17
  48 13
  46 19
net589 2
  27 57
  28 61
net590 4
  61 29
  60 27
  59 30
  59 32
net591 2
  2 58
  2 55
net592 3
  29 47
  29 48
  28 50
net593 2
  50 46
  50 51
net594 3
  23 17
  25 15
  20 16
net595 3
  21 39
  20 37
  21 41
net596 4
  55 37
  54 34
  55 40
  53 36
net597 2
  25 3
  25 0
net598 2
  41 53
  41 56
net599 3
  55 29
  53 27
  53 28
net600 4
  63 31
  62 33
  60 30
  63 36
net601 2
  8 19
  6 17
net602 2
  48 8
  46 11
net603 4
  1 14
  1 18
  5 15
  2 14
net604 2
  34 53
  36 53
net605 2
  25 55
  23 55
net606 2
  28 44
  26 41
net607 2
  41 59
  40 55
net608 2
  37 19
  38 20
net609 2
  48 61
  46 62
net610 2
  34 47
  34 46
net611 3
  35 9
  34 9
  38 11
net612 2
  35 57
  35 56
net613 4
  15 14
  16 17
  12 15
  15 18
net614 4
  15 62
  15 57
  14 61
  13 59
net615 2
  43 51
  43 53
net616 2
  24 32
  26 29
net617 3
  6 43
  8 42
  7 40
net618 4
  22 40
  24 42
  22 37
  18 41
net619 2
  56 19
  60 19
net620 3
  63 52
  61 50
  60 53
net621 3
  31 45
  34 43
  31 41
net622 2
  14 58
  16 59
net623 2
  4 55
  0 55
net624 2
  15 61
  11 60
net625 2
  46 35
  46 33
net626 3
  40 40
  45 40
  39 44
net627 3
  6 2
  2 2
  7 2
net628 3
  56 59
  57 62
  56 54
net629 3
  7 53
  7 52
  6 56
net630 4
  39 36
  40 35
  42 36
  36 35
net631 3
  14 46
  14 41
  14 50
net632 3
  52 25
  55 23
  55 26
net633 3
  14 45
  16 43
  16 48
net634 2
  54 39
  58 39
net635 3
  53 44
  53 49
  53 39
net636 3
  28 2
  30 5
  28 5
net637 4
  6 51
  7 54
  5 48
  9 52
net638 2
  57 14
  56 10
net639 4
  39 2
  40 4
  41 1
  39 5
net640 4
  46 16
  48 14
  44 14
  48 17
net641 3
  31 8
  27 9
  34 6
net642 3
  3 63
  0 61
  3 60
net643 3
  54 33
  58 32
  55 36
net644 4
  35 7
  34 8
  32 6
  33 8
net645 2
  49 56
  45 57
net646 4
  51 16
  50 20
  53 18
  54 14
net647 3
  20 40
  24 41
  24 39
net648 4
  37 3
  34 3
  37 7
  34 1
net649 4
  17 13
  18 9
  19 11
  13 13
net650 2
  28 21
  25 22
net651 4
  19 4
  22 2
  22 4
  20 5
net652 2
  35 8
  37 5
net653 4
  1 17
  1 20
  2 13
  0 19
net654 4
  39 9
  36 10
  39 8
  36 9
net655 4
  51 59
  54 59
  55 58
  50 57
net656 2
  43 46
  43 43
net657 4
  23 23
  26 25
  25 20
  23 22
net658 3
  27 2
  25 2
  23 1
net659 3
  56 12
  58 15
  55 15
net660 2
  47 43
  43 42
net661 4
  8 47
  10 45
  12 47
  5 49
net662 2
  34 62
  29 62
net663 3
  62 48
  58 49
  62 50
net664 2
  0 7
  0 3
net665 3
  41 40
  39 43
  39 39
net666 3
  42 0
  41 0
  43 2
net667 3
  14 39
  14 44
  9 39
net668 4
  42 21
  37 21
  43 23
  43 19
net669 4
  62 5
  58 4
  62 1
  59 4
net670 2
  22 42
  20 42
net671 4
  9 31
  6 33
  10 27
  13 32
net672 4
  44 49
  42 50
  42 47
  45 52
net673 4
  38 0
  35 2
  34 0
  41 2
net674 2
  27 42
  27 38
net675 2
  9 50
  10 50
net676 3
  9 35
  10 31
  10 34
net677 2
  31 22
  31 19
net678 2
  35 52
  35 53
net679 2
  31 21
  32 19
net680 3
  13 6
  13 3
  12 9
net681 2
  49 48
  48 52
net682 3
  29 14
  28 15
  30 10
net683 3
  56 17
  52 16
  56 13
net684 3
  7 38
  7 43
  7 42
net685 3
  15 42
  13 42
  19 43
net686 3
  53 50
  49 49
  52 52
net687 2
  10 41
  12 40
net688 3
  24 43
  22 44
  28 43
net689 3
  12 49
  14 49
  13 49
net690 2
  44 23
  42 22
net691 2
  39 31
  34 31
net692 4
  1 44
  3 44
  2 44
  1 47
net693 3
  49 43
  51 41
  50 44
net694 4
  58 22
  59 20
  58 17
  60 20
net695 2
  59 47
  59 50
net696 3
  24 60
  22 62
  26 61
net697 2
  26 17
  24 19
net698 2
  15 49
  17 49
net699 3
  8 2
  10 3
  8 5
net700 3
  36 62
  31 62
  39 63
net701 2
  25 8
  27 6
net702 2
  0 31
  2 29
net703 4
  18 43
  17 47
  17 45
  20 43
net704 2
  0 8
  4 7
net705 4
  11 33
  10 35
  11 29
  8 34
net706 4
  14 14
  16 15
  13 12
  10 14
net707 3
  43 58
  44 60
  46 57
net708 3
  23 45
  21 43
  20 46
net709 3
  35 27
  35 31
  33 25
net710 2
  40 58
  37 60
net711 3
  16 0
  19 1
  18 1
net712 4
  23 9
  25 6
  22 7
  24 6
net713 2
  46 42
  46 37
net714 4
  38 14
  37 13
  39 16
  36 14
net715 4
  14 23
  13 19
  15 25
  11 23
net716 4
  29 46
  29 41
  27 48
  29 51
net717 2
  37 28
  36 32
net718 2
  23 36
  27 37
net719 2
  37 18
  38 17
net720 2
  42 60
  42 56
net721 4
  0 34
  0 35
  0 39
  0 38
net722 3
  47 14
  49 16
  48 16
net723 4
  36 28
  39 29
  33 28
  36 29
net724 4
  44 11
  46 12
  47 11
  45 9
net725 4
  48 44
  47 44
  49 45
  46 47
net726 2
  19 29
  16 27
net727 4
  54 42
  55 39
  56 45
  54 46
net728 2
  57 53
  59 55
net729 2
  23 2
  20 2
net730 4
  43 0
  44 3
  44 4
  40 2
net731 2
  45 35
  45 38
net732 4
  14 35
  16 34
  15 31
  13 33
net733 3
  61 51
  61 53
  58 53
net734 2
  7 23
  8 20
net735 4
  51 32
  50 36
  52 29
  50 29
net736 3
  9 25
  8 27
  5 25
net737 3
  45 34
  42 34
  48 33
net738 3
  39 12
  37 9
  41 11
net739 3
  15 28
  17 31
  15 23
net740 4
  20 45
  19 45
  20 47
  20 44
net741 3
  16 2
  13 2
  17 5
net742 4
  62 36
  59 36
  60 36
  63 40
net743 3
  26 53
  27 55
  27 51
net744 4
  24 7
  21 5
  24 9
  29 7
net745 4
  10 60
  8 60
  9 57
  14 59
net746 4
  4 15
  6 14
  0 14
  5 12
net747 4
  27 45
  26 46
  26 43
  29 45
net748 4
  47 47
  44 45
  45 50
  44 46
net749 3
  62 19
  61 18
  59 18
net750 2
  2 51
  2 53
net751 2
  23 51
  22 51
net752 2
  5 41
  7 44
net753 2
  58 8
  59 9
net754 2
  36 60
  37 57
net755 3
  19 52
  22 53
  19 47
net756 2
  54 27
  56 25
net757 2
  56 7
  54 5
net758 3
  39 1
  40 3
  37 0
net759 4
  38 63
  43 63
  41 63
  39 62
net760 3
  56 31
  56 35
  56 26
net761 4
  54 53
  53 57
  51 51
  51 54
net762 3
  52 32
  47 32
  53 31
net763 2
  8 33
  7 31
net764 2
  13 60
  12 58
net765 2
  41 45
  43 47
net766 4
  37 42
  39 42
  38 43
  37 39
net767 4
  32 62
  33 61
  33 62
  35 63
net768 4
  22 8
  27 8
  22 3
  21 12
net769 4
  27 25
  25 25
  30 27
  30 24
net770 3
  28 23
  31 24
  30 20
net771 2
  32 40
  31 38
net772 3
  25 60
  22 60
  22 58
net773 2
  41 44
  41 39
net774 4
  44 52
  48 53
  45 53
  46 51
net775 3
  13 11
  15 13
  13 8
net776 3
  17 18
  12 18
  18 15
net777 2
  15 1
  14 0
net778 4
  7 55
  7 60
  5 54
  8 51
net779 3
  43 4
  43 9
  43 7
net780 4
  5 44
  4 44
  4 42
  2 45
net781 2
  49 24
  47 24
net782 2
  47 52
  49 52
net783 3
  33 56
  31 59
  35 58
net784 3
  56 49
  55 52
  57 49
net785 2
  36 48
  33 48
net786 2
  22 55
  19 57
net787 4
  17 4
  14 5
  16 1
  15 7
net788 2
  47 17
  47 15
net789 2
  50 6
  51 10
net790 2
  16 54
  19 56
net791 4
  35 41
  35 36
  33 39
  34 38
net792 4
  46 54
  50 54
  45 56
  46 55
net793 2
  0 24
  1 28
net794 2
  26 54
  24 54
net795 3
  30 28
  33 30
  33 26
net796 2
  37 50
  37 46
net797 4
  8 38
  11 40
  8 35
  6 35
net798 3
  32 54
  32 56
  32 51
net799 2
  38 5
  34 5
net800 3
  44 29
  42 29
  41 28
net801 3
  33 21
  35 23
  33 23
net802 2
  38 19
  34 19
net803 3
  7 36
  8 40
  4 35
net804 2
  15 52
  16 51
net805 4
  4 30
  6 29
  5 34
  4 32
net806 4
  42 15
  44 13
  40 15
  40 16
net807 2
  39 37
  42 39
net808 4
  45 30
  46 27
  46 30
  44 28
net809 3
  32 42
  34 40
  32 47
net810 2
  33 36
  30 34
net811 4
  50 58
  52 61
  53 60
  50 60
net812 2
  34 13
  38 13
net813 2
  18 6
  21 6
net814 3
  13 9
  10 10
  12 11
net815 4
  18 52
  22 52
  14 53
  20 55
net816 4
  40 63
  38 60
  43 62
  42 63
net817 4
  53 45
  54 45
  57 46
  48 45
net818 2
  49 22
  51 25
net819 3
  38 25
  39 27
  34 26
net820 4
  44 33
  45 36
  44 35
  42 32
net821 4
  17 43
  17 44
  15 43
  18 39
net822 2
  6 15
  7 12
net823 4
  32 50
  31 54
  31 50
  27 50
net824 4
  19 55
  19 59
  15 55
  21 54
net825 4
  39 15
  36 15
  39 11
  39 20
net826 3
  35 55
  32 57
  39 56
net827 4
  30 15
  31 14
  28 16
  31 18
net828 3
  43 49
  44 53
  45 51
net829 2
  3 51
  6 53
net830 3
  6 20
  3 20
  5 24
net831 2
  28 57
  29 53
net832 4
  63 34
  61 35
  63 37
  63 39
net833 3
  58 42
  59 43
  55 41
net834 2
  11 26
  12 27
net835 2
  41 7
  40 10
net836 3
  11 27
  11 31
  9 30
net837 3
  9 60
  11 61
  6 61
net838 4
  39 32
  38 29
  41 31
  37 32
net839 4
  23 20
  22 17
  24 17
  24 20
net840 4
  36 8
  38 10
  33 7
  33 6
net841 4
  59 13
  61 15
  60 11
  59 12
net842 4
  8 32
  4 33
  10 32
  11 34
net843 4
  28 39
  29 38
  32 39
  25 41
net844 3
  31 63
  27 62
  31 60
net845 4
  11 35
  10 33
  12 36
  13 37
net846 2
  34 28
  32 29
net847 3
  59 21
  59 16
  58 20
net848 4
  53 56
  54 54
  55 59
  56 57
net849 2
  61 13
  58 11
net850 4
  5 62
  8 62
  2 61
  5 59
net851 2
  1 31
  3 33
net852 4
  61 42
  56 42
  62 38
  58 43
net853 2
  3 34
  2 35
net854 3
  57 58
  61 57
  59 56
net855 4
  50 53
  54 52
  50 49
  47 51
net856 2
  62 34
  60 32
net857 2
  23 13
  23 14
net858 2
  49 27
  51 30
net859 4
  55 56
  54 55
  55 60
  54 56
net860 2
  7 4
  8 6
net861 2
  30 45
  32 46
net862 4
  53 47
  55 46
  54 51
  54 48
net863 4
  8 41
  9 38
  7 41
  10 42
net864 3
  42 17
  41 19
  41 14
net865 3
  42 49
  41 49
  40 52
net866 2
  30 31
  32 34
net867 4
  1 34
  5 35
  1 38
  2 38
net868 3
  37 26
  34 25
  40 25
net869 4
  61 33
  60 29
  62 29
  62 31
net870 4
  46 49
  46 44
  43 50
  47 53
net871 3
  18 37
  23 37
  18 40
net872 3
  4 22
  0 22
  7 24
net873 4
  44 43
  42 43
  42 44
  41 41
net874 3
  59 61
  59 62
  63 61
net875 3
  45 41
  46 41
  45 44
net876 3
  8 55
  12 55
  6 57
net877 4
  15 32
  19 31
  13 35
  12 34
net878 2
  41 48
  40 50
net879 4
  54 2
  52 2
  53 5
  58 3
net880 2
  63 51
  62 53
net881 4
  2 37
  3 35
  0 36
  2 36
net882 3
  9 40
  7 39
  12 39
net883 4
  47 30
  48 26
  49 32
  42 30
net884 3
  23 25
  24 27
  22 28
net885 3
  14 17
  15 17
  13 17
net886 3
  11 2
  12 5
  14 2
net887 3
  43 40
  43 37
  42 40
net888 3
  9 53
  8 50
  6 55
net889 4
  49 2
  45 3
  52 1
  52 0
net890 4
  20 14
  18 16
  20 18
  23 16
net891 3
  53 11
  52 13
  57 10
net892 2
  57 59
  58 56
net893 2
  42 9
  41 10
net894 2
  45 4
  46 7
net895 2
  47 55
  45 58
net896 3
  4 12
  2 10
  3 8
net897 4
  49 62
  47 59
  53 61
  47 62
net898 2
  50 50
  51 50
net899 3
  58 10
  57 9
  54 10
net900 2
  21 36
  22 34
net901 4
  61 17
  61 22
  57 17
  58 16
net902 4
  19 27
  20 25
  19 25
  19 26
net903 3
  18 53
  16 50
  14 52
net904 4
  4 29
  3 32
  4 28
  7 27
net905 4
  16 11
  18 8
  19 13
  14 11
net906 3
  3 6
  0 5
  2 5
net907 4
  49 42
  52 41
  51 40
  49 38
net908 2
  46 15
  49 13
net909 4
  11 25
  13 23
  14 24
  9 22
net910 3
  0 63
  1 61
  1 59
net911 3
  28 51
  31 52
  29 54
net912 4
  13 55
  11 57
  11 58
  14 54
net913 2
  15 21
  12 20
net914 3
  32 55
  34 57
  30 58
net915 3
  6 18
  2 19
  9 17
net916 2
  25 24
  28 26
net917 2
  3 39
  3 40
net918 4
  55 34
  55 30
  54 37
  59 33
net919 4
  7 46
  7 47
  8 48
  9 47
net920 2
  22 31
  21 32
net921 2
  50 62
  54 63
net922 2
  35 20
  35 19
net923 4
  63 46
  63 49
  63 47
  59 46
net924 3
  22 50
  24 53
  21 48
net925 3
  14 7
  15 11
  15 6
net926 4
  46 22
  46 25
  45 23
  47 22
net927 2
  26 7
  29 8
net928 2
  62 47
  61 48
net929 4
  51 49
  48 47
  53 48
  47 50
net930 4
  33 29
  35 30
  32 30
  36 27
net931 4
  10 2
  6 3
  8 4
  10 1
net932 3
  32 4
  29 6
  31 4
net933 3
  24 34
  27 32
  24 33
net934 3
  1 40
  1 43
  2 42
net935 4
  42 42
  40 39
  43 45
  41 42
net936 4
  51 22
  50 23
  52 26
  47 21
net937 2
  48 51
  48 56
net938 4
  30 13
  33 13
  30 9
  31 9
net939 2
  52 48
  48 48
net940 3
  4 51
  7 51
  6 54
net941 2
  45 27
  47 25
net942 3
  2 48
  3 49
  6 47
net943 4
  52 55
  53 54
  56 56
  50 52
net944 2
  43 6
  40 8
net945 2
  43 27
  46 29
net946 2
  35 47
  35 51
net947 3
  16 39
  11 39
  14 38
net948 3
  22 9
  22 14
  22 5
net949 4
  56 47
  55 48
  58 44
  57 48
net950 4
  59 17
  59 15
  60 18
  60 16
net951 2
  46 13
  49 12
net952 3
  18 50
  19 54
  18 51
net953 3
  23 46
  21 46
  25 45
net954 3
  52 21
  54 24
  51 24
net955 4
  13 5
  9 5
  14 4
  15 4
net956 2
  61 34
  57 34
net957 3
  19 33
  21 33
  17 32
net958 3
  58 14
  56 14
  55 13
net959 3
  47 18
  49 18
  50 16
net960 2
  49 59
  49 58
net961 2
  57 26
  57 22
net962 2
  15 36
  16 32
net963 4
  33 32
  33 37
  32 36
  31 30
net964 2
  34 39
  33 35
net965 2
  44 56
  47 56
net966 4
  47 60
  44 59
  46 59
  50 59
net967 2
  44 10
  43 14
net968 4
  0 29
  0 28
  1 27
  2 27
net969 4
  30 11
  27 13
  33 10
  35 11
net970 2
  28 18
  27 19
net971 2
  42 18
  41 18
net972 2
  40 7
  41 9
net973 2
  21 56
  20 59
net974 3
  62 6
  59 6
  62 7
net975 4
  57 32
  53 32
  56 29
  58 30
net976 3
  39 45
  36 45
  37 45
net977 4
  8 21
  9 24
  6 19
  11 19
net978 2
  33 60
  34 60
net979 2
  17 36
  17 33
net980 3
  25 46
  25 48
  24 45
net981 3
  49 47
  50 48
  51 48
net982 4
  1 35
  2 39
  4 37
  1 32
net983 4
  23 44
  23 47
  18 44
  22 46
net984 4
  37 12
  34 10
  38 16
  35 13
net985 4
  56 37
  56 33
  56 32
  53 35
net986 2
  13 45
  15 47
net987 2
  49 60
  47 58
net988 4
  54 12
  56 15
  53 8
  51 12
net989 3
  4 43
  2 40
  7 45
net990 2
  55 42
  56 43
net991 2
  26 38
  24 35
net992 4
  18 62
  20 60
  15 60
  21 60
net993 2
  43 10
  40 9
net994 2
  10 44
  10 40
net995 4
  17 41
  22 41
  21 42
  16 45
net996 2
  43 34
  41 35
net997 4
  6 22
  5 19
  6 21
  2 23
net998 4
  27 34
  30 36
  28 34
  25 33
net999 3
  27 35
  28 32
  27 39
net1000 4
  23 49
  25 51
  28 49
  22 48
net1001 2
  10 9
  10 5
net1002 4
  8 63
  9 61
  5 63
  9 62
net1003 4
  34 51
  36 52
  33 54
  34 48
net1004 3
  8 36
  6 38
  10 38
net1005 3
  53 38
  54 38
  51 38
net1006 2
  41 20
  41 23
net1007 4
  55 54
  56 55
  56 51
  59 54
net1008 4
  38 1
  38 6
  40 1
  38 3
net1009 4
  0 50
  1 53
  0 48
  1 51
net1010 4
  23 40
  24 38
  22 39
  20 39
net1011 4
  44 39
  44 34
  47 37
  41 38
net1012 4
  43 8
  47 9
  39 7
  42 6
net1013 2
  30 12
  30 8
net1014 3
  32 24
  34 23
  32 21
net1015 2
  35 39
  35 35
net1016 4
  46 38
  49 40
  44 41
  50 39
net1017 2
  7 1
  7 0
net1018 4
  18 10
  20 7
  16 9
  14 9
net1019 4
  15 8
  17 10
  14 6
  15 10
net1020 2
  33 11
  34 12
net1021 4
  25 36
  24 40
  29 35
  26 40
net1022 4
  30 62
  30 61
  30 57
  27 63
net1023 4
  43 36
  44 40
  39 35
  41 36
net1024 4
  37 8
  34 7
  40 6
  38 7
net1025 3
  3 50
  3 47
  1 50
net1026 4
  55 7
  56 9
  56 8
  55 8
net1027 2
  38 30
  43 30
net1028 2
  42 46
  41 50
net1029 4
  42 57
  40 60
  44 58
  45 59
net1030 4
  12 28
  10 28
  15 29
  12 24
net1031 4
  25 31
  29 31
  24 31
  25 27
net1032 3
  38 35
  37 37
  37 36
net1033 4
  13 1
  17 1
  9 0
  14 3
net1034 4
  56 63
  54 61
  52 62
  53 62
net1035 4
  52 42
  48 41
  48 43
  49 44
net1036 3
  17 51
  20 53
  18 47
net1037 3
  56 16
  53 16
  57 18
net1038 4
  48 9
  46 10
  52 8
  45 10
net1039 2
  8 56
  7 56
net1040 3
  54 23
  55 25
  53 19
net1041 4
  26 37
  28 36
  26 36
  26 32
net1042 4
  28 48
  30 46
  26 51
  31 46
net1043 4
  26 8
  27 4
  25 9
  21 8
net1044 2
  61 47
  63 44
net1045 4
  3 17
  3 16
  1 16
  8 17
net1046 4
  59 63
  61 60
  60 59
  56 61
net1047 2
  59 60
  54 60
net1048 2
  61 32
  62 35
net1049 2
  42 53
  43 54
net1050 3
  36 17
  35 15
  33 17
net1051 2
  38 41
  34 41
net1052 2
  29 56
  31 55
net1053 3
  17 39
  13 39
  16 40
net1054 4
  1 22
  4 21
  0 20
  2 24
net1055 2
  14 21
  16 21
net1056 3
  2 22
  3 25
  2 21
net1057 4
  34 58
  39 58
  31 58
  33 57
net1058 4
  16 62
  19 61
  18 63
  19 62
net1059 2
  13 40
  13 38
net1060 3
  10 22
  10 18
  11 24
net1061 2
  54 21
  54 25
net1062 4
  15 48
  17 50
  11 49
  10 48
net1063 3
  0 17
  0 16
  0 15
net1064 2
  26 16
  28 14
net1065 3
  33 42
  35 45
  35 40
net1066 2
  18 7
  19 6
net1067 3
  28 6
  29 5
  28 9
net1068 3
  36 33
  36 37
  37 31
net1069 3
  5 33
  7 33
  5 32
net1070 4
  15 46
  13 48
  19 46
  15 45
net1071 2
  8 44
  8 39
net1072 2
  47 26
  50 27
net1073 4
  18 32
  19 30
  18 30
  18 31
net1074 4
  7 48
  7 49
  8 52
  6 44
net1075 3
  15 37
  12 37
  15 40
net1076 3
  29 40
  28 38
  29 37
net1077 3
  4 61
  7 59
  2 62
net1078 4
  24 30
  22 29
  24 25
  21 29
net1079 4
  46 1
  49 3
  43 3
  46 0
net1080 2
  54 6
  57 4
net1081 2
  45 2
  47 5
net1082 4
  46 17
  48 18
  47 20
  46 20
net1083 2
  36 18
  40 17
net1084 3
  2 6
  5 6
  4 3
net1085 4
  33 2
  35 1
  33 5
  31 1
net1086 3
  24 0
  26 2
  24 4
net1087 2
  59 53
  59 52
net1088 4
  4 24
  5 27
  1 24
  1 26
net1089 3
  17 28
  18 26
  21 27
net1090 3
  54 1
  53 1
  51 0
net1091 3
  48 50
  44 50
  47 54
net1092 3
  21 10
  23 11
  25 11
net1093 2
  54 7
  54 4
net1094 2
  30 32
  33 33
net1095 4
  51 56
  53 58
  46 56
  52 57
net1096 3
  25 54
  24 55
  23 57
net1097 4
  37 17
  33 16
  39 17
  39 19
net1098 4
  17 20
  18 21
  21 21
  19 20
net1099 4
  11 10
  16 10
  12 7
  9 7
net1100 2
  55 10
  54 9
net1101 2
  57 12
  54 11
net1102 4
  22 32
  20 33
  23 34
  22 33
net1103 2
  61 56
  62 58
net1104 3
  11 1
  9 3
  12 0
net1105 3
  31 28
  33 31
  31 23
net1106 2
  42 48
  40 45
net1107 2
  37 38
  40 37
net1108 3
  26 23
  29 21
  24 22
net1109 2
  57 38
  59 37
net1110 4
  31 17
  27 18
  31 13
  35 16
net1111 2
  17 35
  16 33
net1112 3
  59 2
  60 6
  61 2
net1113 4
  21 9
  23 10
  22 6
  19 7
net1114 4
  7 26
  8 28
  6 28
  2 26
net1115 2
  42 25
  39 26
net1116 2
  13 57
  15 59
net1117 2
  52 47
  52 44
net1118 3
  59 24
  61 27
  58 28
net1119 4
  12 21
  9 19
  13 20
  17 21
net1120 3
  44 57
  45 61
  39 57
net1121 4
  58 26
  53 26
  58 25
  60 25
net1122 4
  3 0
  2 0
  1 0
  4 0
net1123 3
  15 53
  16 49
  13 52
net1124 2
  39 54
  37 56
net1125 2
  62 40
  63 42
net1126 2
  2 54
  1 54
net1127 2
  55 19
  51 19
net1128 2
  17 22
  13 21
net1129 2
  23 32
  26 30
net1130 4
  4 47
  4 52
  5 46
  3 43
net1131 2
  19 58
  18 55
net1132 2
  51 44
  50 42
net1133 2
  0 0
  1 2
net1134 3
  7 63
  7 58
  9 63
net1135 3
  51 7
  48 5
  50 11
net1136 3
  9 33
  9 34
  12 32
net1137 2
  46 43
  43 44
net1138 3
  55 12
  54 16
  52 14
net1139 2
  51 58
  51 60
net1140 2
  46 24
  42 24
net1141 3
  63 59
  60 60
  63 60
net1142 2
  8 30
  9 32
net1143 3
  62 22
  61 26
  62 18
net1144 3
  52 19
  51 18
  50 19
net1145 4
  39 25
  43 25
  37 27
  40 26
net1146 3
  27 49
  31 48
  26 50
net1147 2
  30 60
  30 63
net1148 3
  47 6
  46 3
  49 7
net1149 2
  17 57
  18 54
net1150 4
  12 33
  13 31
  14 33
  10 36
net1151 3
  18 28
  17 25
  17 26
net1152 3
  37 20
  40 18
  41 21
net1153 2
  32 49
  30 47
net1154 4
  62 45
  62 41
  57 45
  61 43
net1155 3
  32 37
  36 38
  32 32
net1156 3
  58 0
  53 0
  60 3
net1157 4
  13 50
  10 51
  14 47
  15 50
net1158 3
  11 44
  10 43
  9 44
net1159 4
  4 39
  3 36
  4 34
  4 38
net1160 2
  45 18
  45 21
net1161 3
  38 62
  39 59
  39 61
net1162 3
  43 22
  44 20
  41 24
net1163 2
  10 15
  10 11
net1164 4
  18 23
  18 18
  20 24
  16 24
net1165 4
  3 11
  1 11
  3 14
  3 9
net1166 2
  21 63
  23 62
net1167 2
  28 60
  28 62
net1168 2
  18 11
  18 13
net1169 4
  25 13
  24 16
  28 11
  28 12
net1170 4
  20 20
  19 21
  19 18
  21 19
net1171 3
  11 43
  10 46
  9 43
net1172 3
  55 18
  53 20
  54 17
net1173 3
  39 38
  40 42
  39 34
net1174 4
  42 10
  42 5
  39 10
  42 11
net1175 2
  57 6
  60 8
net1176 4
  23 3
  23 7
  28 3
  23 4
net1177 2
  10 52
  12 54
net1178 3
  63 29
  62 28
  61 31
net1179 2
  33 22
  32 23
net1180 2
  20 28
  19 28
net1181 4
  9 16
  7 14
  7 17
  8 16
net1182 2
  53 33
  58 33
net1183 4
  24 52
  23 56
  27 54
  24 57
net1184 2
  3 42
  6 40
net1185 4
  52 20
  50 22
  52 15
  53 17
net1186 2
  30 50
  30 55
net1187 3
  33 24
  33 27
  32 25
net1188 3
  18 34
  18 36
  20 34
net1189 4
  40 28
  45 28
  42 27
  41 27
net1190 3
  48 37
  52 37
  48 38
net1191 2
  29 55
  28 56
net1192 4
  61 63
  61 61
  61 62
  58 63
net1193 4
  41 33
  37 33
  38 33
  40 29
net1194 2
  60 55
  61 52
net1195 2
  13 18
  10 16
net1196 4
  50 10
  47 10
  52 10
  47 12
net1197 3
  36 36
  40 36
  36 34
net1198 4
  0 46
  1 45
  0 41
  1 42
net1199 4
  23 26
  27 26
  22 26
  22 22
net1200 4
  18 25
  18 29
  14 26
  18 24
net1201 3
  12 19
  14 22
  16 18
net1202 4
  52 27
  49 26
  51 23
  47 27
net1203 4
  0 47
  0 42
  1 46
  0 52
net1204 2
  12 45
  13 44
net1205 4
  25 1
  26 5
  27 1
  26 0
net1206 3
  28 20
  26 18
  26 20
net1207 3
  12 4
  15 5
  12 8
net1208 4
  17 63
  20 62
  19 60
  13 62
net1209 3
  24 28
  27 27
  20 27
net1210 2
  25 28
  25 29
net1211 3
  4 5
  4 8
  2 7
net1212 3
  29 22
  30 19
  28 25
net1213 2
  61 54
  60 50
net1214 2
  49 11
  51 13
net1215 2
  37 49
  35 46
net1216 2
  33 4
  32 7
net1217 3
  40 61
  41 60
  37 62
net1218 2
  58 50
  58 54
net1219 2
  27 5
  28 8
net1220 2
  11 5
  11 0
net1221 2
  59 22
  62 24
net1222 4
  16 63
  14 60
  14 62
  13 61
net1223 2
  28 17
  29 17
net1224 3
  18 61
  17 58
  18 57
net1225 3
  44 15
  43 11
  42 16
net1226 2
  12 35
  12 38
net1227 2
  51 15
  52 18
net1228 4
  47 13
  45 13
  47 8
  49 14
net1229 4
  4 49
  5 50
  5 52
  6 48
net1230 2
  37 16
  36 19
net1231 3
  35 12
  35 10
  34 11
net1232 2
  5 31
  5 30
net1233 3
  56 41
  57 43
  57 37
net1234 3
  12 59
  10 59
  10 62
net1235 3
  11 9
  7 9
  8 10
net1236 3
  54 62
  55 61
  56 62
net1237 2
  54 15
  56 18
net1238 3
  23 0
  26 1
  21 0
net1239 4
  36 50
  38 50
  37 53
  36 54
net1240 3
  19 23
  21 22
  18 20
net1241 3
  18 2
  16 3
  17 0
net1242 3
  8 53
  7 50
  5 55
net1243 3
  17 55
  18 58
  18 56
net1244 2
  42 55
  39 55
net1245 4
  40 21
  39 22
  38 23
  38 18
net1246 3
  0 27
  1 23
  0 30
net1247 4
  46 60
  45 62
  48 58
  48 57
net1248 3
  13 30
  14 30
  11 28
net1249 3
  35 17
  35 14
  32 17
net1250 2
  1 41
  3 38
net1251 2
  19 42
  23 41
net1252 2
  17 46
  17 48
net1253 2
  34 42
  35 44
net1254 2
  14 15
  17 17
net1255 4
  37 51
  38 55
  41 51
  38 47
net1256 3
  61 38
  62 37
  63 35
net1257 2
  57 15
  61 16
net1258 2
  51 63
  53 63
net1259 4
  31 49
  35 50
  30 49
  36 49
net1260 3
  1 7
  4 9
  0 10
net1261 3
  52 9
  53 12
  52 6
net1262 3
  29 33
  28 33
  30 35
net1263 3
  45 54
  43 57
  43 56
net1264 3
  52 40
  56 40
  50 41
net1265 2
  33 58
  31 61
net1266 3
  58 21
  62 20
  59 19
net1267 2
  23 21
  24 24
net1268 3
  6 41
  9 42
  11 41
net1269 2
  59 8
  61 10
net1270 4
  30 4
  29 3
  28 4
  30 0
net1271 4
  9 58
  6 60
  12 60
  13 58
net1272 4
  53 2
  50 3
  55 5
  54 0
net1273 2
  14 42
  16 44
net1274 2
  22 56
  22 54
net1275 4
  14 57
  16 55
  13 56
  16 57
net1276 4
  58 60
  58 62
  59 58
  55 62
net1277 4
  14 12
  16 14
  14 8
  15 9
net1278 4
  3 26
  3 22
  4 27
  3 23
net1279 4
  1 52
  1 56
  2 50
  1 55
net1280 3
  41 58
  37 58
  37 59
net1281 3
  37 11
  37 10
  36 12
net1282 2
  35 42
  38 44
net1283 3
  12 3
  7 3
  12 6
net1284 4
  6 31
  8 31
  4 31
  7 28
net1285 4
  44 25
  48 24
  46 26
  42 28
net1286 3
  7 22
  6 25
  7 18
net1287 2
  35 49
  38 49
net1288 2
  31 57
  28 55
net1289 4
  23 53
  21 50
  21 55
  25 56
net1290 4
  57 7
  56 5
  57 5
  61 7
net1291 3
  8 7
  6 6
  11 8
net1292 2
  25 16
  21 17
net1293 3
  47 23
  50 24
  45 26
net1294 2
  51 62
  52 63
net1295 2
  58 12
  56 11
net1296 3
  39 48
  39 51
  39 52
net1297 2
  56 58
  57 61
net1298 2
  16 47
  16 46
net1299 4
  39 4
  39 3
  40 5
  41 3
net1300 2
  14 48
  13 46
net1301 3
  19 17
  19 22
  21 18
net1302 2
  42 20
  44 22
net1303 4
  50 33
  49 30
  55 33
  45 33
net1304 2
  33 47
  33 44
net1305 2
  60 17
  62 16
net1306 2
  25 59
  27 60
net1307 2
  20 0
  15 0
net1308 3
  20 50
  23 52
  19 50
net1309 2
  56 24
  55 28
net1310 2
  13 4
  13 0
net1311 2
  2 63
  1 60
net1312 3
  4 59
  0 59
  3 58
net1313 4
  50 26
  52 28
  48 25
  50 21
net1314 2
  8 9
  9 8
net1315 3
  8 49
  8 54
  8 46
net1316 2
  32 63
  36 63
net1317 2
  38 42
  40 41
net1318 2
  20 61
  17 62
net1319 2
  9 41
  9 36
net1320 2
  56 60
  52 60
net1321 2
  51 31
  55 31
net1322 4
  3 37
  2 34
  4 41
  3 41
net1323 2
  48 6
  49 8
net1324 4
  50 14
  52 11
  53 15
  55 14
net1325 3
  36 1
  36 6
  37 4
net1326 2
  12 2
  8 1
net1327 2
  59 48
  57 47
net1328 4
  25 61
  22 63
  25 58
  22 59
net1329 2
  3 54
  2 57
net1330 2
  23 54
  25 53
net1331 3
  9 48
  11 46
  12 46
net1332 3
  17 16
  17 19
  20 15
net1333 2
  48 20
  48 21
net1334 2
  37 43
  40 43
net1335 2
  7 34
  7 32
net1336 2
  37 35
  34 37
net1337 2
  22 21
  25 19
net1338 2
  6 45
  8 45
net1339 4
  12 42
  11 42
  13 41
  16 42
net1340 2
  20 57
  21 59
net1341 2
  30 39
  26 39
net1342 3
  30 53
  32 52
  29 57
net1343 3
  44 44
  46 45
  45 42
net1344 2
  53 25
  51 27
net1345 2
  26 62
  24 63
net1346 2
  58 41
  57 42
net1347 2
  57 36
  58 35
net1348 2
  27 20
  29 19
net1349 2
  15 3
  18 5
net1350 2
  21 40
  22 43
net1351 2
  47 29
  44 30
net1352 2
  39 30
  41 29
net1353 2
  4 57
  5 56
net1354 2
  33 9
  38 9
net1355 2
  42 45
  40 47
