grid 80 64
vertical capacity 4
horizontal capacity 4
num block 5
block 2 16
block 4 2
block 52 48
block 61 0
block 29 11
num net 1681
net0 2
  0 7
  1 11
net1 2
  52 19
  49 17
net2 4
  18 54
  17 53
  15 55
  22 54
net3 3
  66 5
  71 5
  67 4
net4 2
  20 52
  19 54
net5 2
  57 42
  56 45
net6 4
  68 47
  71 49
  70 48
  68 49
net7 2
  76 34
  77 31
net8 2
  78 32
  76 31
net9 2
  49 63
  48 60
net10 2
  61 32
  66 32
net11 3
  26 59
  28 59
  27 63
net12 3
  57 17
  60 17
  55 17
net13 2
  77 27
  78 28
net14 4
  23 41
  23 45
  20 43
  25 44
net15 4
  75 4
  72 4
  73 2
  77 4
net16 2
  26 47
  28 45
net17 4
  57 57
  59 56
  60 58
  55 55
net18 2
  24 61
  28 62
net19 2
  46 57
  46 62
net20 2
  17 20
  19 21
net21 2
  9 4
  12 3
net22 3
  35 59
  34 63
  37 60
net23 2
  14 34
  14 31
net24 2
  8 56
  6 56
net25 3
  28 39
  26 39
  28 34
net26 3
  77 5
  76 8
  78 2
net27 4
  49 37
  50 37
  49 41
  49 42
net28 2
  54 42
  58 43
net29 3
  63 57
  61 56
  64 56
net30 4
  44 38
  44 33
  41 38
  49 38
net31 2
  13 56
  16 57
net32 4
  61 59
  65 58
  61 55
  58 59
net33 2
  70 22
  73 22
net34 2
  10 63
  11 62
net35 2
  77 2
  76 3
net36 2
  46 24
  43 26
net37 2
  55 57
  54 57
net38 4
  61 60
  62 63
  64 62
  64 61
net39 4
  9 55
  9 58
  9 51
  12 56
net40 3
  43 52
  44 51
  41 51
net41 2
  43 10
  44 7
net42 3
  60 33
  62 31
  61 31
net43 3
  65 24
  63 21
  65 27
net44 3
  76 59
  72 58
  75 61
net45 4
  31 6
  33 3
  30 6
  31 4
net46 4
  9 19
  12 21
  8 21
  10 22
net47 2
  31 36
  33 35
net48 4
  8 7
  5 8
  10 4
  8 5
net49 3
  73 17
  70 18
  75 18
net50 3
  26 17
  26 18
  28 20
net51 2
  26 24
  30 24
net52 4
  13 40
  11 43
  13 37
  15 43
net53 3
  65 12
  68 14
  63 14
net54 4
  69 62
  68 63
  67 61
  67 60
net55 2
  68 43
  69 43
net56 2
  10 43
  12 41
net57 2
  17 1
  15 3
net58 2
  67 51
  66 51
net59 2
  32 56
  35 56
net60 4
  10 30
  14 29
  6 30
  9 27
net61 4
  35 57
  38 58
  35 53
  32 58
net62 3
  32 27
  35 29
  32 26
net63 4
  70 3
  71 0
  69 1
  71 6
net64 4
  56 24
  58 27
  56 22
  57 25
net65 4
  32 35
  37 35
  32 39
  31 32
net66 2
  30 38
  33 38
net67 4
  29 59
  26 57
  30 59
  24 59
net68 4
  68 51
  69 47
  68 46
  70 49
net69 2
  18 21
  19 17
net70 4
  27 10
  30 11
  25 11
  25 13
net71 4
  9 7
  11 9
  8 11
  8 4
net72 2
  48 27
  45 26
net73 3
  62 6
  60 9
  60 7
net74 3
  61 45
  59 44
  60 44
net75 3
  13 7
  13 9
  13 12
net76 2
  48 58
  52 59
net77 2
  59 52
  55 51
net78 4
  72 8
  73 5
  72 5
  75 7
net79 2
  49 47
  52 49
net80 4
  15 42
  11 41
  16 39
  14 46
net81 3
  30 63
  28 61
  32 62
net82 4
  50 2
  52 0
  51 3
  49 0
net83 4
  16 22
  13 22
  15 20
  20 21
net84 4
  53 17
  55 19
  52 15
  51 14
net85 3
  5 60
  6 61
  7 59
net86 4
  68 35
  70 35
  64 35
  71 37
net87 4
  65 45
  63 45
  70 45
  65 42
net88 4
  28 27
  24 26
  27 25
  30 30
net89 3
  43 31
  45 33
  44 30
net90 4
  64 48
  65 51
  62 46
  67 48
net91 2
  6 7
  4 10
net92 2
  11 34
  14 32
net93 4
  18 25
  15 26
  13 25
  18 26
net94 4
  15 22
  16 20
  16 18
  16 25
net95 3
  44 46
  42 49
  43 46
net96 2
  73 6
  71 3
net97 3
  30 62
  26 63
  33 60
net98 4
  55 14
  60 14
  54 17
  55 13
net99 4
  33 42
  34 43
  38 42
  33 40
net100 4
  54 3
  53 4
  52 5
  56 3
net101 4
  1 14
  1 15
  1 16
  3 16
net102 3
  4 5
  3 4
  4 3
net103 4
  29 20
  31 22
  28 24
  33 19
net104 2
  47 22
  45 19
net105 4
  5 40
  9 41
  9 40
  5 44
net106 4
  34 25
  34 20
  35 21
  36 28
net107 4
  25 27
  24 29
  23 28
  25 28
net108 4
  64 27
  66 25
  60 26
  62 29
net109 2
  37 40
  36 38
net110 3
  51 54
  52 51
  46 54
net111 2
  72 20
  76 21
net112 2
  35 22
  34 21
net113 3
  0 10
  0 8
  2 12
net114 4
  38 56
  37 59
  40 54
  38 57
net115 3
  5 41
  7 44
  6 37
net116 3
  10 7
  11 3
  14 8
net117 4
  49 2
  46 4
  48 3
  48 5
net118 4
  17 44
  19 47
  14 43
  16 44
net119 2
  58 19
  56 16
net120 2
  47 16
  44 15
net121 4
  58 22
  58 25
  61 22
  59 21
net122 3
  5 43
  2 41
  5 42
net123 3
  72 33
  69 31
  71 33
net124 2
  1 35
  0 33
net125 3
  7 52
  8 50
  6 54
net126 4
  22 0
  26 0
  24 0
  18 0
net127 2
  2 37
  3 37
net128 4
  42 45
  41 41
  42 47
  43 44
net129 2
  33 11
  34 8
net130 3
  47 52
  47 48
  47 49
net131 3
  23 52
  23 47
  24 51
net132 4
  0 11
  1 13
  0 13
  3 9
net133 3
  12 13
  12 15
  12 17
net134 3
  51 44
  50 47
  50 40
net135 3
  73 0
  68 0
  74 3
net136 3
  44 26
  44 31
  41 27
net137 2
  1 53
  6 53
net138 2
  43 41
  44 42
net139 3
  58 60
  56 60
  56 62
net140 3
  76 10
  79 10
  76 15
net141 2
  26 36
  27 38
net142 2
  61 47
  62 45
net143 2
  22 32
  19 30
net144 3
  17 27
  18 29
  16 31
net145 4
  54 62
  58 61
  50 62
  57 60
net146 3
  44 62
  39 62
  44 57
net147 4
  25 39
  29 40
  25 41
  25 40
net148 4
  9 30
  7 30
  5 31
  7 31
net149 2
  47 31
  45 30
net150 2
  2 50
  6 49
net151 3
  63 18
  59 19
  65 21
net152 2
  78 29
  76 29
net153 3
  19 19
  24 19
  16 19
net154 2
  27 0
  28 2
net155 3
  5 62
  9 63
  8 62
net156 3
  17 57
  19 57
  15 56
net157 2
  23 63
  23 58
net158 3
  47 33
  49 35
  48 30
net159 4
  41 47
  38 49
  41 42
  40 44
net160 2
  52 29
  53 30
net161 3
  21 17
  22 21
  21 21
net162 3
  27 39
  23 39
  27 43
net163 2
  37 63
  36 60
net164 3
  42 39
  43 43
  43 35
net165 3
  1 45
  2 49
  2 48
net166 3
  42 31
  40 28
  39 30
net167 2
  42 59
  45 59
net168 4
  26 3
  28 6
  21 3
  23 5
net169 3
  13 42
  15 39
  12 39
net170 4
  43 49
  44 52
  46 50
  46 49
net171 4
  8 20
  12 19
  11 19
  11 21
net172 2
  10 21
  6 20
net173 2
  56 47
  51 47
net174 3
  46 34
  43 33
  44 34
net175 4
  41 7
  40 5
  46 7
  38 9
net176 2
  25 3
  23 1
net177 4
  36 7
  40 7
  36 9
  37 4
net178 3
  34 5
  33 8
  33 2
net179 3
  9 62
  8 59
  12 62
net180 4
  29 45
  24 45
  30 45
  30 49
net181 4
  59 13
  57 15
  59 14
  58 10
net182 2
  26 46
  27 47
net183 3
  6 27
  3 29
  2 27
net184 2
  49 31
  51 31
net185 3
  73 21
  73 24
  75 22
net186 4
  8 32
  5 33
  8 29
  11 30
net187 2
  53 18
  56 19
net188 2
  12 59
  11 56
net189 4
  43 57
  46 59
  43 54
  44 58
net190 4
  49 57
  48 61
  51 56
  47 59
net191 3
  30 5
  30 4
  33 7
net192 3
  1 37
  3 36
  1 32
net193 4
  29 21
  27 23
  29 25
  28 17
net194 3
  12 47
  15 45
  11 49
net195 2
  2 62
  6 62
net196 3
  61 49
  62 53
  61 44
net197 3
  74 60
  79 60
  72 59
net198 4
  1 47
  1 42
  0 50
  4 45
net199 4
  47 10
  46 14
  52 10
  50 12
net200 3
  65 15
  63 13
  65 14
net201 4
  62 9
  62 12
  63 10
  63 12
net202 3
  35 1
  36 5
  32 2
net203 4
  4 7
  0 6
  1 8
  1 9
net204 3
  27 17
  32 17
  31 16
net205 4
  56 8
  58 6
  53 10
  59 7
net206 4
  77 3
  76 7
  74 4
  75 2
net207 2
  47 9
  47 8
net208 4
  31 18
  30 22
  30 20
  28 16
net209 4
  29 37
  27 37
  25 37
  29 34
net210 3
  17 12
  19 12
  19 15
net211 3
  52 50
  52 55
  53 53
net212 4
  26 26
  29 28
  22 26
  25 25
net213 2
  53 45
  53 40
net214 3
  9 43
  4 43
  6 43
net215 2
  32 49
  31 49
net216 2
  53 47
  51 45
net217 4
  21 54
  19 56
  21 56
  26 54
net218 4
  78 61
  77 62
  76 61
  75 62
net219 3
  57 46
  60 45
  59 43
net220 3
  17 15
  15 13
  13 15
net221 4
  55 9
  55 8
  55 12
  56 11
net222 2
  45 22
  45 23
net223 2
  51 29
  51 30
net224 4
  53 24
  49 24
  48 24
  56 26
net225 4
  64 33
  62 36
  65 33
  61 35
net226 3
  60 43
  61 42
  57 44
net227 3
  45 58
  49 58
  49 59
net228 4
  76 9
  73 9
  76 4
  73 8
net229 4
  50 48
  50 51
  49 49
  47 50
net230 3
  32 13
  32 10
  35 12
net231 3
  30 33
  32 32
  29 29
net232 3
  29 14
  24 14
  33 15
net233 2
  67 1
  67 5
net234 3
  44 6
  47 5
  44 3
net235 4
  28 5
  28 7
  28 4
  29 7
net236 3
  9 28
  10 28
  10 26
net237 2
  23 7
  22 9
net238 4
  13 51
  16 50
  14 54
  17 52
net239 3
  13 49
  15 50
  12 52
net240 3
  55 29
  52 31
  53 29
net241 3
  51 17
  55 16
  52 20
net242 2
  31 47
  29 50
net243 3
  64 45
  68 44
  65 46
net244 2
  22 14
  24 15
net245 2
  42 52
  44 54
net246 2
  11 1
  9 2
net247 3
  9 44
  10 41
  6 42
net248 3
  53 2
  51 0
  51 4
net249 3
  27 31
  28 32
  25 29
net250 2
  66 55
  62 54
net251 2
  25 31
  20 31
net252 2
  20 7
  19 3
net253 2
  9 47
  8 49
net254 4
  6 46
  4 49
  1 46
  7 47
net255 4
  11 37
  10 37
  12 35
  9 35
net256 2
  73 36
  73 34
net257 4
  57 5
  62 5
  57 8
  61 6
net258 4
  71 52
  69 54
  69 50
  70 50
net259 4
  73 35
  74 36
  73 40
  75 37
net260 4
  3 25
  3 20
  1 23
  6 25
net261 2
  78 46
  79 42
net262 2
  8 35
  8 37
net263 4
  28 52
  28 51
  30 53
  27 49
net264 3
  70 43
  69 40
  68 42
net265 3
  67 39
  66 43
  67 38
net266 2
  15 19
  14 16
net267 4
  28 43
  28 47
  24 42
  30 43
net268 4
  38 40
  36 39
  43 40
  35 41
net269 3
  2 28
  0 28
  1 29
net270 2
  45 7
  45 3
net271 3
  2 35
  2 31
  4 36
net272 3
  69 35
  68 39
  70 32
net273 4
  12 18
  9 18
  11 20
  15 17
net274 4
  52 8
  51 8
  50 8
  53 11
net275 2
  48 42
  51 42
net276 4
  46 10
  45 14
  48 10
  44 8
net277 4
  41 23
  40 23
  38 25
  41 26
net278 2
  67 9
  71 8
net279 3
  46 46
  51 46
  46 47
net280 2
  62 10
  61 7
net281 2
  13 32
  15 34
net282 2
  14 36
  11 38
net283 2
  39 10
  39 12
net284 2
  60 13
  61 12
net285 3
  66 14
  66 12
  69 15
net286 2
  0 23
  1 26
net287 2
  0 58
  1 62
net288 3
  9 14
  8 12
  11 15
net289 3
  7 62
  7 61
  3 62
net290 3
  53 36
  52 36
  52 32
net291 2
  38 14
  38 19
net292 4
  56 40
  58 39
  54 38
  57 41
net293 2
  70 4
  68 6
net294 3
  41 55
  37 54
  40 52
net295 2
  17 23
  16 27
net296 3
  69 22
  69 18
  71 22
net297 3
  33 28
  33 30
  33 31
net298 2
  45 32
  41 33
net299 4
  48 21
  46 23
  47 18
  47 17
net300 2
  61 63
  62 60
net301 4
  3 1
  2 3
  8 1
  6 2
net302 2
  56 49
  57 49
net303 2
  21 34
  21 29
net304 4
  19 48
  22 46
  19 51
  17 45
net305 3
  3 41
  7 40
  3 39
net306 4
  44 27
  42 25
  46 28
  48 28
net307 4
  54 10
  56 7
  54 6
  56 10
net308 4
  74 35
  75 32
  75 34
  74 30
net309 3
  28 38
  23 38
  30 36
net310 3
  51 57
  54 55
  50 56
net311 4
  3 42
  4 44
  2 40
  6 40
net312 4
  8 26
  9 26
  5 28
  10 25
net313 2
  61 52
  60 50
net314 2
  9 49
  8 53
net315 2
  20 44
  21 44
net316 2
  63 58
  63 62
net317 2
  48 54
  48 57
net318 4
  34 26
  35 28
  31 26
  33 23
net319 4
  64 51
  62 48
  64 49
  65 53
net320 3
  30 3
  34 2
  31 0
net321 3
  48 36
  48 39
  45 37
net322 4
  72 47
  74 48
  75 46
  68 48
net323 3
  66 26
  67 24
  66 21
net324 2
  66 31
  66 34
net325 2
  66 60
  63 61
net326 3
  11 40
  13 41
  10 36
net327 4
  68 56
  65 56
  68 60
  63 56
net328 4
  36 41
  35 37
  37 37
  37 43
net329 4
  52 9
  49 7
  51 7
  52 14
net330 2
  8 13
  8 17
net331 3
  21 27
  23 26
  22 23
net332 3
  20 32
  23 31
  18 30
net333 3
  34 29
  35 25
  34 34
net334 2
  75 15
  75 16
net335 4
  31 30
  30 26
  30 32
  32 28
net336 4
  5 39
  6 35
  0 39
  9 39
net337 3
  21 38
  18 39
  17 37
net338 2
  75 47
  72 45
net339 2
  69 37
  71 36
net340 2
  59 5
  55 4
net341 2
  20 1
  20 0
net342 4
  45 21
  47 23
  44 17
  41 22
net343 2
  16 6
  19 4
net344 2
  13 35
  16 37
net345 2
  1 41
  4 39
net346 4
  68 2
  68 5
  69 4
  68 1
net347 4
  19 46
  17 46
  18 42
  21 43
net348 2
  72 37
  76 37
net349 2
  38 0
  39 3
net350 4
  58 48
  57 48
  55 50
  56 46
net351 3
  53 32
  50 34
  56 30
net352 2
  64 14
  64 15
net353 4
  71 25
  69 25
  71 23
  68 25
net354 2
  44 63
  41 63
net355 2
  75 39
  79 39
net356 2
  23 61
  25 63
net357 2
  77 57
  79 55
net358 3
  44 59
  45 57
  43 58
net359 2
  29 57
  30 60
net360 3
  23 9
  21 8
  22 7
net361 4
  5 15
  6 19
  3 14
  4 14
net362 2
  74 13
  75 9
net363 4
  13 48
  13 46
  15 46
  14 47
net364 3
  56 6
  58 7
  53 6
net365 2
  58 15
  56 17
net366 4
  48 62
  51 61
  47 58
  50 61
net367 2
  23 48
  26 49
net368 3
  31 9
  30 9
  31 12
net369 3
  6 9
  10 9
  6 6
net370 3
  27 30
  27 32
  26 29
net371 4
  56 42
  52 41
  58 41
  55 40
net372 2
  12 10
  9 11
net373 3
  27 59
  32 59
  28 58
net374 4
  35 58
  34 61
  34 62
  31 58
net375 2
  53 0
  51 1
net376 3
  38 38
  37 38
  39 34
net377 4
  39 28
  42 28
  37 27
  37 28
net378 3
  26 61
  30 61
  22 62
net379 2
  78 33
  76 32
net380 4
  53 35
  57 34
  55 33
  54 39
net381 3
  31 20
  35 19
  33 21
net382 2
  75 29
  77 26
net383 2
  64 6
  67 7
net384 4
  15 30
  15 33
  15 27
  12 31
net385 2
  52 46
  53 50
net386 3
  50 21
  52 21
  48 18
net387 3
  59 41
  62 43
  59 36
net388 3
  64 60
  60 61
  59 60
net389 4
  30 46
  28 44
  32 46
  30 44
net390 3
  66 38
  64 39
  70 38
net391 3
  37 33
  37 29
  38 36
net392 3
  17 3
  16 5
  17 7
net393 3
  25 46
  25 47
  26 42
net394 3
  52 56
  48 56
  52 52
net395 2
  6 63
  1 63
net396 2
  34 59
  34 54
net397 4
  17 14
  20 14
  15 15
  14 13
net398 2
  47 38
  46 42
net399 2
  58 55
  59 59
net400 4
  72 56
  72 57
  73 60
  71 60
net401 3
  6 44
  1 44
  5 47
net402 3
  19 8
  18 10
  22 10
net403 4
  68 22
  72 22
  68 23
  66 23
net404 3
  63 22
  63 25
  62 18
net405 4
  74 5
  74 9
  74 8
  73 1
net406 2
  29 55
  29 56
net407 2
  19 37
  19 42
net408 4
  11 22
  7 23
  13 21
  14 22
net409 3
  28 55
  30 56
  30 52
net410 3
  74 61
  73 58
  76 60
net411 2
  70 55
  69 56
net412 4
  64 23
  64 26
  65 26
  62 23
net413 4
  52 28
  56 29
  52 23
  51 25
net414 2
  51 20
  54 20
net415 2
  35 3
  35 8
net416 4
  63 60
  60 62
  63 59
  65 57
net417 3
  42 43
  40 41
  47 43
net418 4
  45 62
  43 62
  46 58
  45 61
net419 3
  59 2
  58 2
  60 6
net420 2
  42 21
  39 19
net421 2
  67 20
  64 22
net422 4
  1 7
  1 6
  1 3
  2 11
net423 2
  4 28
  4 23
net424 2
  15 59
  17 59
net425 3
  9 21
  9 16
  9 20
net426 2
  25 53
  23 55
net427 3
  38 22
  36 25
  39 18
net428 3
  67 36
  64 34
  65 34
net429 2
  77 39
  75 38
net430 3
  62 34
  64 37
  63 31
net431 2
  3 10
  1 12
net432 3
  74 59
  77 61
  77 58
net433 3
  54 28
  53 26
  54 33
net434 2
  2 4
  7 4
net435 4
  40 2
  45 2
  38 5
  37 2
net436 3
  21 28
  22 27
  21 31
net437 3
  47 41
  44 40
  45 44
net438 3
  68 55
  67 53
  71 55
net439 4
  64 58
  67 56
  60 59
  65 54
net440 4
  56 4
  59 4
  52 4
  57 6
net441 2
  49 62
  47 60
net442 4
  23 62
  22 61
  25 59
  18 62
net443 2
  26 6
  24 6
net444 4
  34 23
  32 25
  33 26
  32 20
net445 3
  53 62
  54 58
  52 61
net446 2
  57 14
  57 11
net447 4
  34 44
  35 44
  33 44
  34 42
net448 4
  71 41
  75 41
  67 42
  72 39
net449 2
  65 2
  62 1
net450 2
  74 40
  72 40
net451 3
  61 8
  62 8
  59 11
net452 2
  20 26
  20 28
net453 4
  47 32
  47 29
  50 30
  51 32
net454 2
  14 3
  18 4
net455 2
  39 44
  39 48
net456 2
  15 11
  16 8
net457 4
  23 44
  21 46
  24 40
  24 44
net458 3
  18 49
  18 50
  18 47
net459 3
  3 0
  1 1
  5 2
net460 2
  20 58
  20 63
net461 3
  26 38
  24 38
  22 38
net462 3
  61 2
  63 0
  58 1
net463 4
  40 36
  39 36
  38 34
  41 37
net464 3
  55 10
  56 9
  60 10
net465 4
  1 10
  0 12
  2 8
  0 9
net466 3
  67 10
  64 10
  63 9
net467 4
  50 7
  50 3
  48 9
  53 8
net468 4
  60 35
  61 37
  61 39
  63 35
net469 3
  25 62
  27 62
  25 57
net470 2
  61 28
  66 28
net471 2
  69 10
  70 7
net472 2
  34 51
  31 53
net473 2
  10 32
  13 34
net474 4
  11 7
  12 11
  15 8
  12 9
net475 2
  67 45
  65 48
net476 2
  17 5
  14 5
net477 2
  61 9
  63 6
net478 2
  10 54
  9 56
net479 3
  35 62
  31 63
  33 63
net480 3
  36 14
  39 14
  34 15
net481 2
  19 58
  21 57
net482 3
  34 45
  33 48
  38 45
net483 4
  0 27
  5 27
  1 30
  2 29
net484 2
  40 31
  41 31
net485 2
  36 36
  33 36
net486 4
  36 43
  37 42
  36 45
  35 42
net487 2
  32 61
  27 61
net488 2
  32 22
  29 23
net489 4
  36 11
  37 14
  34 9
  37 9
net490 3
  75 54
  77 56
  75 49
net491 3
  14 25
  12 27
  13 26
net492 4
  75 40
  75 44
  78 42
  73 42
net493 2
  47 51
  49 48
net494 2
  2 44
  2 43
net495 4
  65 30
  64 31
  67 32
  62 32
net496 2
  67 27
  65 28
net497 2
  29 61
  25 60
net498 3
  23 35
  25 33
  19 34
net499 3
  76 26
  76 28
  73 25
net500 2
  77 22
  77 17
net501 2
  14 50
  13 50
net502 2
  76 16
  74 19
net503 2
  60 27
  63 27
net504 3
  17 17
  16 17
  19 20
net505 2
  45 36
  47 35
net506 3
  41 18
  43 18
  40 17
net507 4
  71 46
  70 46
  73 46
  71 43
net508 3
  30 10
  26 9
  30 14
net509 4
  22 57
  22 59
  20 54
  21 53
net510 3
  67 18
  70 20
  70 19
net511 2
  49 32
  53 33
net512 3
  23 20
  24 21
  24 20
net513 2
  42 3
  43 6
net514 3
  51 13
  50 9
  50 10
net515 3
  62 3
  63 1
  58 3
net516 4
  2 59
  3 58
  6 60
  3 60
net517 3
  14 35
  12 36
  17 33
net518 2
  5 7
  4 6
net519 4
  30 7
  32 5
  32 9
  33 9
net520 4
  79 53
  77 51
  78 51
  78 52
net521 3
  58 20
  59 20
  55 20
net522 3
  6 16
  6 17
  5 17
net523 2
  61 26
  65 25
net524 2
  76 35
  72 35
net525 4
  48 8
  45 6
  49 9
  49 5
net526 4
  23 16
  22 15
  20 18
  21 13
net527 2
  61 18
  60 21
net528 3
  75 63
  77 60
  72 62
net529 2
  77 46
  78 48
net530 4
  62 27
  63 28
  60 28
  58 26
net531 3
  3 17
  1 17
  2 19
net532 2
  37 26
  34 28
net533 3
  16 53
  14 53
  17 55
net534 4
  53 7
  56 5
  50 6
  54 8
net535 4
  69 21
  65 20
  70 24
  74 21
net536 4
  54 44
  54 40
  53 42
  51 43
net537 3
  23 33
  26 34
  25 35
net538 4
  1 25
  1 21
  3 26
  5 26
net539 3
  18 37
  22 37
  17 35
net540 2
  19 61
  18 57
net541 3
  50 18
  51 21
  47 19
net542 2
  12 54
  10 51
net543 4
  50 50
  46 51
  50 52
  50 45
net544 2
  76 42
  72 42
net545 3
  60 56
  64 57
  61 54
net546 2
  24 55
  24 54
net547 3
  21 9
  20 12
  25 8
net548 4
  72 6
  69 8
  73 4
  72 9
net549 4
  13 14
  14 14
  16 15
  13 19
net550 3
  58 21
  53 21
  55 22
net551 2
  7 63
  8 61
net552 2
  9 50
  4 50
net553 4
  20 40
  20 39
  20 41
  21 37
net554 2
  72 0
  69 2
net555 3
  60 25
  60 29
  62 22
net556 3
  24 10
  24 9
  23 10
net557 2
  35 34
  38 35
net558 4
  29 24
  29 26
  31 24
  31 25
net559 3
  0 59
  1 55
  2 61
net560 2
  53 44
  54 41
net561 3
  36 53
  37 57
  36 54
net562 2
  0 40
  0 42
net563 4
  55 45
  55 49
  52 47
  55 48
net564 2
  54 31
  57 31
net565 3
  35 60
  39 60
  38 61
net566 4
  0 22
  0 26
  0 18
  4 21
net567 4
  28 25
  28 28
  29 22
  23 25
net568 2
  77 50
  76 50
net569 4
  52 25
  48 25
  53 28
  49 27
net570 4
  39 21
  40 25
  39 17
  42 19
net571 2
  46 52
  47 54
net572 3
  4 22
  1 22
  4 20
net573 4
  46 12
  48 14
  50 13
  46 11
net574 2
  15 9
  11 8
net575 4
  25 55
  25 56
  28 54
  23 53
net576 2
  61 17
  62 19
net577 3
  47 63
  50 63
  48 63
net578 4
  60 23
  62 21
  64 24
  62 26
net579 2
  77 1
  72 1
net580 2
  55 47
  54 43
net581 2
  3 34
  5 37
net582 3
  23 34
  21 32
  23 36
net583 4
  64 30
  65 32
  60 31
  64 32
net584 3
  73 14
  72 15
  70 12
net585 3
  40 24
  38 26
  43 22
net586 4
  19 52
  17 50
  22 52
  20 55
net587 2
  38 37
  36 37
net588 3
  43 34
  41 32
  41 36
net589 4
  58 12
  58 11
  60 11
  62 13
net590 2
  26 8
  25 9
net591 4
  41 2
  44 2
  45 1
  46 2
net592 2
  42 41
  45 41
net593 4
  59 0
  62 0
  56 0
  61 1
net594 4
  17 28
  18 32
  15 29
  19 31
net595 2
  18 20
  19 24
net596 4
  39 25
  39 20
  37 25
  38 27
net597 4
  19 16
  18 19
  16 16
  21 18
net598 2
  12 22
  9 24
net599 2
  45 27
  48 26
net600 4
  20 61
  21 62
  18 63
  22 60
net601 2
  46 48
  44 45
net602 3
  70 28
  71 32
  70 30
net603 3
  6 12
  10 11
  6 8
net604 3
  16 60
  21 60
  20 60
net605 4
  38 16
  37 17
  39 16
  34 17
net606 3
  61 27
  56 27
  61 23
net607 3
  79 43
  78 47
  77 45
net608 3
  21 36
  24 34
  19 36
net609 4
  14 33
  16 34
  12 34
  13 30
net610 4
  18 41
  14 40
  15 41
  16 41
net611 2
  35 18
  30 18
net612 2
  31 14
  27 13
net613 2
  7 26
  7 22
net614 4
  57 9
  60 8
  54 9
  58 5
net615 3
  5 29
  6 26
  3 31
net616 4
  13 45
  12 46
  9 46
  16 46
net617 2
  27 1
  26 5
net618 2
  76 41
  77 44
net619 4
  51 33
  52 30
  50 32
  48 33
net620 3
  41 56
  42 53
  42 55
net621 2
  33 47
  31 44
net622 3
  46 26
  48 29
  45 28
net623 4
  41 52
  38 52
  41 50
  40 56
net624 2
  78 39
  78 36
net625 3
  71 58
  70 56
  67 59
net626 3
  5 25
  1 24
  5 22
net627 2
  2 56
  4 56
net628 4
  41 59
  39 56
  44 61
  45 60
net629 3
  60 18
  61 15
  60 22
net630 2
  16 48
  20 48
net631 3
  40 63
  36 63
  40 59
net632 3
  42 54
  44 55
  42 56
net633 4
  29 27
  28 29
  28 23
  31 28
net634 4
  36 32
  39 31
  36 31
  35 36
net635 3
  29 4
  28 3
  29 9
net636 2
  17 36
  16 38
net637 3
  42 27
  41 25
  44 24
net638 3
  40 22
  37 24
  38 20
net639 4
  45 16
  46 13
  48 17
  45 15
net640 2
  4 11
  3 13
net641 2
  78 45
  77 47
net642 2
  0 60
  2 60
net643 3
  54 47
  54 51
  56 44
net644 2
  60 34
  59 34
net645 2
  48 6
  49 4
net646 2
  73 45
  74 43
net647 3
  69 60
  73 61
  70 58
net648 3
  57 55
  55 53
  56 59
net649 3
  72 46
  69 44
  75 48
net650 4
  51 15
  50 16
  49 18
  50 15
net651 3
  70 61
  74 62
  69 57
net652 4
  9 42
  11 44
  8 43
  7 45
net653 3
  56 14
  53 12
  57 13
net654 3
  61 21
  60 24
  59 18
net655 2
  10 3
  7 5
net656 4
  59 63
  59 61
  64 63
  62 62
net657 2
  42 9
  42 11
net658 3
  74 2
  75 5
  72 2
net659 3
  28 19
  27 22
  29 19
net660 2
  13 18
  13 17
net661 4
  9 25
  7 27
  9 29
  8 22
net662 4
  13 28
  12 32
  15 28
  13 33
net663 3
  9 1
  9 3
  6 1
net664 2
  41 3
  43 1
net665 2
  72 7
  70 5
net666 3
  46 17
  45 17
  46 20
net667 2
  43 61
  41 61
net668 2
  41 54
  37 53
net669 3
  53 23
  51 22
  48 23
net670 2
  26 58
  28 60
net671 3
  42 58
  42 60
  42 61
net672 4
  36 46
  35 48
  35 49
  41 46
net673 3
  66 7
  71 7
  64 4
net674 3
  24 17
  26 15
  26 20
net675 2
  32 31
  32 36
net676 2
  77 30
  77 28
net677 3
  37 16
  37 15
  38 13
net678 4
  68 27
  68 31
  67 31
  72 28
net679 3
  76 19
  77 15
  77 23
net680 3
  3 32
  6 31
  5 35
net681 3
  40 29
  42 29
  43 29
net682 4
  13 2
  15 1
  15 2
  12 2
net683 4
  72 14
  74 12
  71 14
  73 12
net684 3
  61 51
  62 47
  63 48
net685 2
  59 16
  61 19
net686 2
  11 25
  14 27
net687 3
  24 43
  24 47
  19 43
net688 2
  7 18
  10 17
net689 3
  0 53
  0 49
  2 53
net690 4
  14 48
  10 49
  11 50
  14 44
net691 4
  53 46
  51 49
  53 48
  54 50
net692 3
  27 15
  29 17
  29 18
net693 4
  72 34
  72 30
  71 30
  70 31
net694 2
  40 32
  37 32
net695 4
  51 55
  53 55
  49 53
  51 60
net696 2
  19 38
  22 36
net697 2
  75 45
  73 47
net698 4
  12 58
  14 57
  11 61
  14 58
net699 3
  31 23
  36 23
  28 22
net700 2
  8 30
  7 32
net701 3
  2 24
  1 20
  5 24
net702 2
  69 3
  68 3
net703 3
  27 8
  28 9
  22 8
net704 3
  43 56
  40 55
  41 53
net705 2
  4 33
  7 33
net706 2
  78 41
  78 43
net707 3
  45 9
  41 8
  45 4
net708 2
  67 14
  63 15
net709 3
  54 22
  55 21
  55 23
net710 2
  17 0
  14 0
net711 3
  74 24
  75 23
  77 24
net712 4
  78 30
  76 27
  79 28
  76 30
net713 4
  9 17
  8 14
  5 18
  10 13
net714 4
  69 17
  67 16
  69 13
  71 17
net715 2
  66 22
  65 23
net716 3
  12 60
  8 60
  10 61
net717 2
  16 11
  14 9
net718 3
  17 63
  14 62
  14 63
net719 4
  10 55
  13 53
  12 57
  12 53
net720 3
  13 1
  11 0
  10 0
net721 4
  35 39
  31 40
  34 37
  31 39
net722 4
  45 5
  42 7
  41 4
  48 7
net723 3
  74 41
  76 43
  72 43
net724 3
  42 20
  44 23
  47 20
net725 4
  29 47
  27 44
  31 46
  29 46
net726 2
  44 14
  41 15
net727 2
  52 13
  54 13
net728 3
  36 1
  33 0
  33 1
net729 2
  23 22
  21 20
net730 2
  10 20
  14 20
net731 3
  64 7
  66 4
  65 5
net732 4
  19 13
  20 13
  21 16
  19 18
net733 4
  19 6
  20 10
  18 3
  21 7
net734 4
  5 63
  4 60
  6 59
  4 63
net735 3
  55 60
  52 58
  53 63
net736 2
  7 39
  8 42
net737 4
  14 38
  17 40
  13 38
  10 38
net738 2
  0 57
  3 56
net739 2
  47 62
  49 61
net740 3
  33 57
  32 57
  33 59
net741 2
  53 54
  54 53
net742 4
  61 50
  63 49
  62 51
  63 53
net743 4
  55 61
  56 63
  55 63
  53 60
net744 2
  26 22
  25 19
net745 3
  34 35
  30 35
  36 35
net746 3
  42 1
  37 1
  40 1
net747 3
  60 39
  56 38
  64 40
net748 2
  0 52
  4 53
net749 3
  7 6
  7 3
  3 6
net750 3
  36 15
  38 15
  36 17
net751 4
  67 6
  69 5
  69 9
  67 2
net752 3
  28 21
  27 19
  28 26
net753 3
  36 24
  36 29
  38 24
net754 3
  48 11
  52 12
  45 12
net755 2
  39 61
  42 63
net756 3
  73 32
  72 29
  75 33
net757 4
  55 3
  60 3
  53 3
  54 2
net758 4
  33 4
  34 0
  32 0
  37 3
net759 4
  44 29
  43 27
  46 27
  46 30
net760 3
  46 22
  43 21
  43 24
net761 4
  65 63
  66 61
  61 62
  70 63
net762 2
  78 25
  78 26
net763 4
  59 1
  59 3
  55 0
  57 0
net764 2
  21 4
  17 4
net765 4
  60 52
  58 50
  63 50
  63 54
net766 4
  10 62
  12 63
  13 63
  14 61
net767 4
  11 54
  8 54
  15 54
  11 53
net768 3
  58 46
  59 45
  57 45
net769 4
  25 6
  26 4
  25 1
  24 7
net770 2
  6 47
  5 46
net771 2
  72 26
  74 29
net772 4
  18 8
  17 10
  20 6
  18 6
net773 3
  79 59
  79 58
  76 57
net774 3
  22 29
  21 30
  23 27
net775 3
  75 58
  74 54
  74 57
net776 4
  6 4
  7 2
  9 5
  1 4
net777 2
  16 10
  13 8
net778 3
  14 28
  14 23
  10 27
net779 3
  67 44
  64 46
  67 40
net780 2
  1 49
  0 45
net781 4
  79 38
  79 40
  78 40
  76 39
net782 4
  49 43
  50 41
  50 43
  49 39
net783 3
  4 17
  2 14
  5 20
net784 3
  45 63
  46 63
  46 60
net785 2
  58 58
  59 57
net786 4
  78 34
  77 36
  78 31
  78 37
net787 3
  65 40
  61 41
  65 43
net788 2
  9 13
  12 12
net789 3
  32 15
  33 12
  34 12
net790 4
  20 27
  19 25
  19 26
  20 25
net791 2
  58 16
  56 13
net792 4
  11 42
  8 44
  9 45
  7 43
net793 2
  75 12
  74 10
net794 4
  78 1
  76 2
  78 4
  78 5
net795 3
  65 16
  70 16
  62 15
net796 2
  62 25
  63 29
net797 3
  49 23
  50 23
  50 26
net798 3
  4 25
  4 26
  6 28
net799 2
  27 52
  24 50
net800 3
  26 31
  28 31
  23 29
net801 3
  28 36
  27 35
  29 36
net802 4
  51 2
  52 6
  48 4
  50 0
net803 4
  41 17
  40 13
  42 18
  44 18
net804 2
  76 13
  79 11
net805 4
  54 5
  52 7
  51 6
  54 1
net806 3
  59 58
  57 59
  62 58
net807 3
  42 46
  43 42
  44 44
net808 3
  61 10
  58 8
  60 12
net809 4
  46 38
  46 35
  46 41
  47 40
net810 3
  50 14
  47 13
  52 17
net811 2
  74 34
  77 33
net812 4
  25 2
  26 2
  27 2
  27 4
net813 3
  37 30
  37 31
  34 30
net814 3
  63 47
  60 47
  60 49
net815 3
  72 61
  71 61
  73 59
net816 2
  5 23
  7 25
net817 4
  24 2
  21 0
  20 2
  28 1
net818 4
  55 36
  52 34
  59 37
  55 41
net819 3
  60 41
  58 42
  60 46
net820 4
  56 43
  52 43
  56 39
  57 47
net821 3
  6 41
  8 40
  7 38
net822 4
  78 50
  73 50
  76 53
  77 52
net823 4
  18 46
  15 44
  18 45
  19 45
net824 3
  55 39
  57 38
  55 38
net825 3
  49 50
  48 49
  49 45
net826 2
  58 36
  56 35
net827 4
  79 56
  75 56
  77 59
  74 56
net828 2
  27 40
  30 39
net829 2
  50 4
  50 5
net830 2
  26 55
  28 53
net831 4
  37 36
  34 36
  40 37
  37 34
net832 3
  43 39
  42 35
  47 39
net833 2
  68 29
  68 30
net834 4
  48 52
  51 52
  51 53
  45 50
net835 4
  64 50
  66 53
  64 55
  63 51
net836 4
  13 52
  12 49
  14 51
  14 52
net837 2
  43 7
  45 8
net838 2
  74 46
  71 44
net839 2
  71 9
  71 4
net840 3
  21 51
  23 50
  21 52
net841 3
  9 48
  10 50
  5 49
net842 2
  65 36
  62 38
net843 3
  42 33
  38 33
  43 36
net844 3
  52 33
  51 34
  55 34
net845 3
  19 53
  22 55
  16 54
net846 4
  21 55
  17 54
  18 53
  20 51
net847 3
  41 5
  42 4
  42 6
net848 3
  45 0
  47 0
  43 3
net849 4
  25 12
  28 14
  21 12
  24 16
net850 4
  5 56
  1 56
  6 57
  3 59
net851 4
  42 48
  45 49
  45 48
  40 47
net852 3
  33 22
  36 20
  33 17
net853 4
  56 12
  54 11
  57 10
  56 15
net854 2
  36 27
  35 31
net855 4
  14 6
  18 7
  14 7
  14 11
net856 3
  74 37
  74 38
  71 35
net857 4
  54 26
  54 21
  54 27
  55 26
net858 3
  21 59
  24 57
  18 60
net859 3
  27 55
  26 56
  25 52
net860 2
  2 23
  3 27
net861 3
  35 16
  35 20
  33 13
net862 4
  27 51
  24 52
  31 52
  27 56
net863 3
  4 27
  6 24
  4 29
net864 4
  60 51
  59 49
  60 55
  57 50
net865 2
  3 23
  0 21
net866 4
  43 4
  44 0
  39 4
  42 8
net867 4
  47 14
  43 14
  49 11
  44 12
net868 4
  68 26
  69 26
  69 30
  67 25
net869 4
  78 58
  78 60
  78 54
  79 57
net870 2
  64 19
  63 20
net871 4
  69 45
  67 43
  65 44
  69 41
net872 2
  59 8
  63 8
net873 4
  34 24
  36 21
  36 22
  37 23
net874 4
  17 9
  17 11
  15 6
  15 12
net875 4
  53 56
  51 59
  56 54
  51 58
net876 4
  24 13
  24 11
  25 14
  24 12
net877 2
  39 5
  36 4
net878 4
  40 40
  35 40
  40 42
  36 40
net879 2
  38 39
  34 40
net880 2
  56 37
  57 36
net881 3
  13 39
  15 37
  12 42
net882 2
  26 1
  30 0
net883 4
  41 6
  41 10
  38 6
  46 6
net884 3
  16 7
  17 6
  16 9
net885 2
  7 16
  11 17
net886 3
  36 33
  39 33
  35 33
net887 3
  73 56
  73 52
  77 55
net888 2
  55 32
  54 29
net889 3
  66 44
  63 46
  66 47
net890 4
  49 6
  48 2
  47 6
  47 3
net891 2
  21 50
  20 53
net892 3
  39 40
  39 43
  41 40
net893 3
  47 25
  44 25
  49 26
net894 3
  19 44
  21 45
  19 41
net895 4
  4 37
  7 35
  0 36
  8 38
net896 4
  68 21
  66 20
  70 23
  68 24
net897 3
  71 53
  73 51
  69 53
net898 4
  40 11
  44 11
  41 14
  39 7
net899 2
  27 12
  23 12
net900 3
  16 58
  16 63
  15 58
net901 2
  15 49
  14 49
net902 2
  12 1
  13 0
net903 3
  55 52
  57 51
  52 53
net904 3
  54 18
  55 15
  57 18
net905 4
  35 5
  35 9
  35 6
  35 7
net906 2
  63 41
  64 42
net907 4
  40 45
  38 43
  39 47
  39 46
net908 4
  6 45
  11 45
  7 46
  8 45
net909 3
  64 28
  62 30
  63 26
net910 4
  36 51
  38 53
  35 55
  36 49
net911 3
  27 28
  22 28
  29 31
net912 3
  74 11
  71 11
  76 11
net913 4
  22 45
  21 41
  22 43
  22 44
net914 3
  24 25
  24 23
  23 24
net915 4
  76 22
  79 22
  77 20
  75 20
net916 4
  66 15
  70 15
  68 16
  65 13
net917 2
  19 2
  23 3
net918 3
  49 14
  45 13
  48 12
net919 3
  55 24
  52 26
  53 22
net920 3
  37 10
  40 12
  39 8
net921 4
  77 11
  79 8
  75 11
  75 14
net922 3
  0 61
  1 58
  1 61
net923 2
  22 18
  17 18
net924 3
  68 28
  70 26
  67 30
net925 2
  2 39
  4 38
net926 3
  66 41
  65 39
  70 40
net927 4
  9 54
  4 54
  11 57
  9 57
net928 4
  11 27
  12 26
  10 31
  11 31
net929 4
  3 2
  8 2
  3 5
  4 0
net930 3
  0 62
  1 59
  0 63
net931 3
  72 48
  74 49
  70 47
net932 3
  38 59
  39 59
  40 60
net933 3
  63 7
  62 4
  64 8
net934 4
  37 62
  37 58
  34 60
  37 61
net935 3
  35 35
  31 35
  33 34
net936 2
  31 5
  30 2
net937 2
  29 53
  32 54
net938 2
  16 55
  11 55
net939 3
  19 39
  18 43
  17 41
net940 3
  41 16
  38 17
  41 20
net941 4
  60 60
  62 57
  62 61
  60 57
net942 2
  4 57
  8 57
net943 2
  18 55
  18 52
net944 2
  71 38
  71 42
net945 3
  3 47
  2 47
  6 48
net946 3
  3 43
  3 46
  3 40
net947 4
  13 29
  16 30
  12 29
  14 26
net948 3
  10 6
  5 6
  9 10
net949 4
  67 33
  71 34
  66 35
  70 33
net950 3
  27 20
  23 21
  27 24
net951 2
  50 22
  50 20
net952 2
  9 32
  6 34
net953 4
  43 12
  42 14
  42 15
  43 11
net954 2
  9 60
  10 58
net955 2
  59 62
  55 62
net956 3
  28 46
  30 48
  29 48
net957 3
  42 30
  45 31
  43 28
net958 2
  73 27
  75 30
net959 2
  20 20
  18 17
net960 3
  58 49
  53 49
  56 48
net961 2
  43 48
  43 51
net962 3
  33 25
  36 26
  33 27
net963 2
  44 53
  47 53
net964 3
  76 18
  77 16
  71 18
net965 4
  6 33
  6 32
  7 29
  5 34
net966 4
  59 31
  57 30
  57 29
  61 29
net967 2
  8 36
  6 36
net968 3
  37 47
  38 51
  34 46
net969 3
  53 19
  54 15
  56 21
net970 2
  75 24
  79 24
net971 3
  11 59
  9 59
  11 58
net972 3
  43 17
  42 16
  43 13
net973 4
  79 54
  76 52
  79 52
  77 53
net974 2
  50 59
  49 55
net975 4
  76 17
  78 17
  72 17
  74 17
net976 2
  36 2
  38 4
net977 4
  22 49
  20 50
  23 51
  20 46
net978 3
  7 24
  6 21
  5 21
net979 4
  16 4
  13 4
  12 5
  20 4
net980 3
  40 62
  41 60
  43 60
net981 4
  20 17
  20 15
  23 17
  22 19
net982 2
  68 61
  69 61
net983 3
  65 19
  60 19
  69 20
net984 4
  20 16
  15 16
  18 15
  18 13
net985 4
  19 7
  23 6
  19 9
  20 5
net986 4
  5 4
  5 9
  5 1
  2 2
net987 3
  58 28
  58 24
  55 27
net988 2
  59 25
  59 28
net989 3
  70 60
  70 57
  69 59
net990 2
  3 19
  2 15
net991 3
  78 18
  77 18
  73 18
net992 4
  5 55
  2 57
  5 51
  5 58
net993 4
  11 63
  10 60
  13 62
  15 63
net994 2
  6 29
  9 31
net995 2
  76 45
  77 48
net996 3
  39 35
  38 31
  36 34
net997 2
  47 26
  47 28
net998 4
  20 42
  17 43
  17 42
  22 41
net999 3
  62 41
  66 40
  63 43
net1000 2
  26 37
  30 37
net1001 2
  74 27
  69 27
net1002 2
  32 21
  32 18
net1003 2
  48 38
  47 34
net1004 3
  76 14
  78 13
  72 13
net1005 3
  43 50
  42 51
  40 51
net1006 2
  44 21
  41 21
net1007 2
  15 36
  17 39
net1008 3
  68 7
  66 9
  70 9
net1009 3
  10 14
  12 16
  7 12
net1010 2
  53 9
  55 7
net1011 4
  12 48
  16 49
  12 51
  13 47
net1012 3
  15 25
  13 24
  17 22
net1013 3
  67 37
  69 38
  62 37
net1014 4
  32 16
  34 14
  33 16
  32 19
net1015 4
  53 39
  56 41
  52 35
  52 40
net1016 2
  75 19
  73 16
net1017 4
  13 54
  12 55
  15 53
  16 52
net1018 4
  69 51
  66 49
  66 50
  71 48
net1019 3
  2 33
  0 32
  4 30
net1020 3
  31 21
  31 17
  30 25
net1021 3
  62 42
  59 40
  60 40
net1022 2
  48 53
  45 51
net1023 3
  62 49
  63 52
  64 52
net1024 2
  2 21
  3 18
net1025 4
  33 45
  32 47
  33 41
  32 44
net1026 4
  66 27
  64 25
  67 23
  71 27
net1027 4
  35 26
  35 27
  36 30
  33 24
net1028 2
  22 31
  19 32
net1029 3
  40 16
  41 12
  36 16
net1030 3
  79 36
  76 38
  76 36
net1031 3
  31 10
  32 8
  35 11
net1032 3
  13 36
  12 37
  16 36
net1033 3
  61 25
  59 24
  56 25
net1034 2
  48 46
  49 44
net1035 3
  61 36
  62 39
  63 36
net1036 2
  12 30
  16 29
net1037 4
  20 30
  18 28
  20 33
  18 33
net1038 2
  37 19
  34 18
net1039 3
  60 36
  63 37
  58 33
net1040 4
  59 26
  59 27
  59 23
  59 30
net1041 4
  7 37
  7 34
  10 35
  7 42
net1042 4
  26 62
  24 62
  29 62
  25 61
net1043 3
  24 56
  27 54
  21 58
net1044 3
  72 53
  72 50
  70 53
net1045 2
  39 11
  38 10
net1046 4
  54 24
  57 26
  51 23
  50 24
net1047 2
  46 56
  45 53
net1048 4
  8 47
  4 46
  11 46
  7 50
net1049 4
  47 12
  49 12
  44 13
  49 15
net1050 4
  28 37
  32 37
  28 42
  29 41
net1051 4
  54 34
  57 33
  55 35
  54 32
net1052 4
  61 16
  61 13
  64 18
  65 17
net1053 2
  21 6
  20 8
net1054 3
  2 10
  2 7
  4 13
net1055 3
  26 10
  26 11
  28 12
net1056 4
  68 11
  70 10
  71 10
  69 11
net1057 4
  75 3
  76 5
  72 3
  78 3
net1058 2
  48 13
  51 12
net1059 2
  65 60
  66 62
net1060 2
  1 50
  6 50
net1061 3
  3 7
  3 3
  3 11
net1062 2
  29 43
  32 41
net1063 4
  12 25
  8 25
  13 27
  10 23
net1064 4
  75 17
  74 20
  71 16
  77 19
net1065 3
  50 55
  49 56
  47 57
net1066 2
  46 1
  44 4
net1067 4
  15 40
  11 39
  19 40
  18 40
net1068 4
  43 38
  40 39
  44 39
  45 40
net1069 3
  26 27
  24 28
  26 30
net1070 2
  41 28
  38 29
net1071 3
  35 10
  38 11
  38 12
net1072 4
  51 37
  52 38
  53 38
  51 35
net1073 4
  70 2
  73 3
  71 2
  68 4
net1074 3
  58 62
  57 61
  57 58
net1075 4
  39 41
  37 41
  37 39
  37 44
net1076 4
  77 21
  74 22
  73 20
  76 23
net1077 2
  25 26
  24 27
net1078 4
  72 60
  70 59
  71 59
  73 57
net1079 2
  51 63
  49 60
net1080 3
  26 35
  23 37
  30 34
net1081 2
  51 9
  51 10
net1082 3
  14 60
  18 61
  13 60
net1083 2
  66 45
  67 41
net1084 4
  76 40
  76 44
  73 41
  77 38
net1085 2
  70 54
  72 52
net1086 3
  31 48
  30 47
  32 50
net1087 3
  63 39
  61 38
  66 37
net1088 2
  57 37
  58 40
net1089 4
  61 11
  62 11
  60 15
  59 10
net1090 3
  74 42
  73 39
  73 38
net1091 3
  5 61
  9 61
  5 59
net1092 4
  54 16
  53 13
  53 15
  53 14
net1093 3
  32 38
  35 38
  30 41
net1094 2
  33 58
  31 59
net1095 4
  45 46
  45 45
  44 50
  41 45
net1096 3
  50 54
  54 54
  51 50
net1097 2
  20 57
  22 58
net1098 3
  38 62
  39 63
  35 61
net1099 4
  29 5
  25 4
  24 5
  29 0
net1100 4
  50 31
  53 31
  46 31
  47 30
net1101 2
  68 18
  69 19
net1102 3
  3 54
  2 52
  1 54
net1103 4
  29 49
  34 49
  25 48
  29 51
net1104 2
  28 33
  28 30
net1105 2
  17 2
  21 2
net1106 2
  57 22
  56 18
net1107 4
  8 16
  10 16
  11 18
  8 18
net1108 3
  39 23
  37 22
  40 20
net1109 3
  63 24
  62 20
  65 22
net1110 4
  69 34
  69 33
  68 34
  69 39
net1111 4
  17 26
  19 29
  19 28
  19 27
net1112 4
  16 56
  15 52
  13 55
  15 60
net1113 3
  37 46
  37 48
  38 47
net1114 2
  40 27
  38 28
net1115 3
  10 10
  5 10
  7 10
net1116 4
  1 34
  3 33
  1 38
  0 38
net1117 2
  77 10
  77 13
net1118 4
  29 58
  29 54
  30 54
  30 55
net1119 3
  23 15
  26 16
  23 13
net1120 2
  70 41
  65 41
net1121 3
  0 30
  1 33
  2 32
net1122 4
  57 53
  57 54
  59 51
  59 53
net1123 3
  3 50
  3 51
  7 49
net1124 2
  66 16
  64 16
net1125 2
  24 48
  28 48
net1126 3
  58 14
  57 16
  60 16
net1127 4
  13 44
  10 46
  16 45
  12 40
net1128 3
  73 44
  73 49
  74 47
net1129 3
  72 16
  72 11
  74 15
net1130 4
  17 51
  16 47
  17 56
  15 51
net1131 4
  40 6
  44 5
  43 8
  40 4
net1132 4
  53 1
  52 3
  56 1
  52 2
net1133 2
  3 24
  1 27
net1134 4
  68 40
  68 38
  69 42
  70 39
net1135 3
  29 63
  31 60
  27 60
net1136 2
  40 19
  42 22
net1137 2
  25 51
  25 50
net1138 2
  2 46
  1 43
net1139 4
  68 20
  72 21
  68 17
  67 17
net1140 2
  27 7
  28 8
net1141 3
  52 1
  54 4
  56 2
net1142 2
  46 55
  43 53
net1143 2
  32 63
  33 61
net1144 2
  32 60
  30 57
net1145 3
  56 50
  59 48
  56 55
net1146 3
  7 15
  11 16
  4 16
net1147 4
  63 5
  59 6
  66 6
  65 6
net1148 4
  49 36
  48 34
  51 39
  49 34
net1149 4
  49 10
  47 11
  46 8
  47 7
net1150 3
  75 53
  76 51
  75 52
net1151 4
  49 30
  49 28
  49 33
  46 29
net1152 4
  18 23
  15 23
  21 24
  15 24
net1153 3
  7 17
  7 13
  7 20
net1154 3
  69 23
  70 27
  67 22
net1155 4
  61 24
  57 23
  63 23
  62 28
net1156 2
  65 38
  65 35
net1157 3
  65 31
  66 29
  65 29
net1158 4
  50 53
  48 50
  49 51
  49 54
net1159 4
  8 23
  9 23
  8 28
  6 23
net1160 2
  47 21
  48 22
net1161 3
  22 56
  23 54
  25 54
net1162 2
  46 21
  45 25
net1163 2
  31 31
  30 27
net1164 3
  21 61
  19 62
  19 59
net1165 2
  68 54
  67 50
net1166 3
  6 52
  9 52
  2 51
net1167 4
  10 45
  10 40
  10 47
  12 43
net1168 4
  67 19
  66 17
  68 19
  67 15
net1169 2
  51 11
  49 8
net1170 4
  4 19
  2 22
  6 22
  2 20
net1171 4
  36 12
  37 12
  39 13
  35 13
net1172 3
  0 24
  2 26
  4 24
net1173 4
  26 13
  25 10
  22 12
  27 16
net1174 2
  9 6
  12 7
net1175 2
  64 13
  63 11
net1176 4
  64 12
  65 10
  68 13
  67 13
net1177 2
  40 38
  42 38
net1178 4
  14 30
  16 33
  18 31
  17 29
net1179 4
  11 35
  7 36
  14 37
  9 38
net1180 4
  34 31
  32 34
  32 29
  31 29
net1181 4
  42 10
  42 5
  44 10
  40 10
net1182 3
  20 23
  20 22
  21 25
net1183 3
  42 24
  47 24
  45 24
net1184 4
  37 11
  40 9
  37 7
  36 10
net1185 2
  37 8
  37 6
net1186 2
  68 57
  68 59
net1187 2
  57 28
  60 30
net1188 4
  38 7
  37 5
  41 9
  38 2
net1189 4
  45 43
  47 42
  48 41
  45 47
net1190 2
  77 7
  76 6
net1191 2
  30 21
  32 24
net1192 4
  0 47
  0 43
  4 48
  1 48
net1193 3
  74 55
  75 51
  73 54
net1194 3
  24 24
  21 26
  22 24
net1195 4
  18 9
  21 11
  15 10
  17 8
net1196 3
  56 57
  56 58
  55 58
net1197 2
  3 57
  5 54
net1198 2
  34 10
  34 11
net1199 2
  78 23
  76 20
net1200 4
  32 45
  31 41
  33 43
  35 45
net1201 2
  2 9
  2 13
net1202 2
  70 11
  66 11
net1203 3
  20 37
  24 37
  22 34
net1204 4
  40 26
  39 26
  38 23
  40 21
net1205 4
  5 5
  5 0
  4 9
  2 5
net1206 3
  45 55
  48 55
  47 55
net1207 2
  10 52
  8 52
net1208 3
  1 5
  0 2
  2 1
net1209 3
  27 6
  24 8
  27 9
net1210 3
  8 10
  7 7
  7 8
net1211 3
  34 27
  39 27
  34 32
net1212 4
  48 47
  44 48
  50 49
  48 44
net1213 2
  58 52
  58 57
net1214 3
  34 19
  35 23
  31 19
net1215 3
  37 56
  34 58
  39 54
net1216 4
  0 4
  1 0
  4 4
  0 5
net1217 3
  67 12
  66 8
  71 12
net1218 4
  35 43
  36 44
  33 46
  39 42
net1219 4
  77 41
  77 37
  77 42
  78 38
net1220 4
  67 34
  65 37
  66 36
  64 36
net1221 4
  44 20
  46 18
  49 20
  43 19
net1222 2
  36 57
  40 58
net1223 3
  3 22
  7 21
  4 18
net1224 3
  42 42
  41 39
  46 43
net1225 3
  51 27
  52 24
  52 27
net1226 2
  15 0
  18 2
net1227 3
  21 40
  18 38
  26 40
net1228 4
  18 16
  22 16
  19 14
  22 17
net1229 3
  28 15
  31 13
  32 14
net1230 2
  18 51
  17 47
net1231 2
  58 53
  56 53
net1232 3
  34 57
  39 57
  33 54
net1233 3
  7 11
  6 15
  7 9
net1234 3
  38 48
  39 50
  41 49
net1235 4
  3 52
  3 48
  4 55
  6 51
net1236 4
  78 11
  77 9
  78 16
  78 8
net1237 3
  45 10
  44 9
  43 9
net1238 4
  54 35
  54 37
  50 36
  53 37
net1239 4
  45 38
  46 39
  46 37
  42 36
net1240 3
  44 41
  43 37
  45 42
net1241 3
  67 54
  68 52
  67 55
net1242 4
  17 19
  14 21
  15 21
  17 16
net1243 2
  27 29
  30 28
net1244 2
  14 2
  15 5
net1245 2
  25 20
  25 24
net1246 4
  9 22
  11 24
  7 19
  10 19
net1247 3
  5 13
  4 12
  6 10
net1248 3
  30 50
  35 50
  27 50
net1249 3
  77 49
  73 48
  74 51
net1250 2
  58 4
  61 4
net1251 4
  52 22
  51 18
  49 22
  50 25
net1252 3
  24 31
  25 32
  23 32
net1253 4
  23 14
  18 14
  23 18
  22 13
net1254 2
  19 55
  20 56
net1255 4
  47 1
  47 4
  50 1
  43 0
net1256 2
  14 19
  18 18
net1257 3
  25 18
  25 21
  24 18
net1258 2
  69 7
  68 8
net1259 4
  57 21
  57 19
  54 23
  56 23
net1260 2
  35 14
  33 14
net1261 4
  34 48
  36 47
  33 52
  33 51
net1262 3
  49 13
  48 15
  52 11
net1263 3
  11 29
  10 29
  11 32
net1264 2
  32 52
  34 55
net1265 3
  43 30
  42 34
  41 29
net1266 2
  13 61
  15 61
net1267 2
  70 1
  66 2
net1268 3
  18 59
  15 57
  18 56
net1269 3
  33 49
  35 52
  34 50
net1270 3
  60 0
  60 5
  60 1
net1271 4
  22 48
  27 48
  24 46
  18 48
net1272 4
  68 53
  69 52
  71 51
  66 54
net1273 2
  72 55
  72 54
net1274 2
  13 43
  10 42
net1275 3
  71 15
  72 12
  68 15
net1276 2
  73 53
  74 53
net1277 3
  2 30
  4 32
  1 31
net1278 3
  30 1
  31 3
  34 1
net1279 4
  58 31
  56 33
  58 32
  56 28
net1280 3
  29 10
  31 7
  31 11
net1281 3
  33 10
  28 10
  30 8
net1282 2
  13 58
  12 61
net1283 2
  26 50
  31 50
net1284 3
  12 38
  15 38
  14 39
net1285 4
  34 56
  35 54
  36 59
  32 53
net1286 2
  29 38
  27 36
net1287 3
  15 32
  17 34
  19 33
net1288 4
  78 10
  75 10
  77 8
  79 12
net1289 4
  12 50
  10 48
  12 45
  11 48
net1290 3
  12 24
  16 24
  8 24
net1291 3
  76 56
  75 57
  74 58
net1292 4
  51 48
  54 46
  48 48
  49 46
net1293 4
  75 42
  74 45
  78 44
  74 39
net1294 4
  3 21
  0 20
  5 19
  1 18
net1295 4
  16 32
  17 32
  18 34
  16 35
net1296 2
  54 14
  55 11
net1297 3
  70 37
  70 34
  69 36
net1298 3
  71 62
  67 62
  76 62
net1299 4
  71 56
  73 55
  69 55
  75 55
net1300 3
  27 53
  30 51
  28 57
net1301 4
  14 10
  13 13
  16 12
  15 14
net1302 4
  68 10
  68 12
  72 10
  67 11
net1303 2
  60 48
  59 46
net1304 2
  58 38
  56 36
net1305 4
  8 0
  10 1
  7 1
  11 2
net1306 2
  60 20
  62 17
net1307 3
  61 48
  66 48
  64 47
net1308 3
  10 18
  15 18
  11 14
net1309 2
  20 24
  23 23
net1310 3
  29 1
  28 0
  32 3
net1311 2
  75 36
  73 37
net1312 2
  26 25
  22 25
net1313 3
  46 45
  46 40
  50 46
net1314 2
  9 33
  10 33
net1315 4
  78 59
  78 57
  75 60
  77 63
net1316 2
  75 26
  73 29
net1317 3
  64 11
  65 8
  65 9
net1318 4
  63 42
  62 44
  64 44
  64 41
net1319 3
  63 2
  65 3
  60 2
net1320 4
  61 57
  61 53
  66 57
  64 59
net1321 3
  44 1
  48 0
  46 0
net1322 4
  23 4
  27 3
  24 3
  25 7
net1323 2
  67 3
  63 4
net1324 3
  20 36
  19 35
  17 38
net1325 2
  66 52
  68 50
net1326 3
  65 61
  66 59
  65 62
net1327 3
  77 6
  74 7
  75 6
net1328 4
  72 23
  72 27
  71 21
  70 25
net1329 2
  5 30
  8 31
net1330 3
  72 19
  71 20
  73 15
net1331 4
  26 48
  28 49
  27 45
  26 44
net1332 4
  78 9
  79 9
  75 8
  78 12
net1333 2
  16 40
  14 41
net1334 4
  78 49
  74 50
  76 46
  76 47
net1335 2
  78 20
  78 24
net1336 2
  26 32
  25 30
net1337 3
  72 36
  72 32
  75 35
net1338 4
  33 18
  34 16
  30 19
  36 18
net1339 3
  7 48
  4 47
  7 51
net1340 4
  54 48
  56 51
  54 49
  53 51
net1341 4
  74 63
  75 59
  73 63
  70 62
net1342 4
  53 20
  55 18
  49 21
  50 19
net1343 2
  25 42
  29 42
net1344 4
  55 43
  57 43
  58 45
  54 45
net1345 3
  48 59
  50 60
  50 58
net1346 2
  4 15
  2 18
net1347 4
  56 20
  57 20
  58 18
  58 23
net1348 4
  5 11
  7 14
  6 13
  5 12
net1349 2
  39 24
  35 24
net1350 4
  58 17
  59 17
  58 13
  63 17
net1351 3
  59 15
  57 12
  59 12
net1352 3
  36 42
  40 43
  34 39
net1353 3
  59 54
  56 52
  57 56
net1354 2
  15 48
  17 48
net1355 3
  1 51
  3 49
  0 54
net1356 3
  59 29
  57 32
  59 33
net1357 2
  74 6
  73 7
net1358 2
  51 24
  54 25
net1359 4
  46 25
  43 23
  45 29
  49 25
net1360 2
  15 47
  17 49
net1361 2
  66 1
  65 4
net1362 4
  36 13
  39 15
  36 8
  35 17
net1363 2
  23 42
  22 40
net1364 4
  50 27
  51 26
  53 25
  50 28
net1365 2
  58 37
  57 40
net1366 4
  37 21
  39 22
  33 20
  37 18
net1367 3
  73 23
  76 24
  72 25
net1368 4
  74 16
  74 14
  75 13
  70 17
net1369 4
  15 35
  18 36
  11 36
  18 35
net1370 4
  1 57
  3 55
  5 57
  0 56
net1371 3
  65 50
  67 52
  65 47
net1372 4
  10 57
  10 59
  7 56
  13 59
net1373 3
  13 11
  18 11
  11 11
net1374 3
  61 3
  57 3
  60 4
net1375 4
  50 39
  51 41
  50 42
  52 42
net1376 4
  30 31
  33 29
  31 34
  29 32
net1377 4
  19 63
  15 62
  19 60
  17 61
net1378 2
  32 23
  31 27
net1379 4
  70 29
  67 28
  74 28
  73 31
net1380 3
  26 45
  29 44
  26 43
net1381 4
  9 8
  8 8
  11 5
  10 5
net1382 3
  49 19
  45 18
  46 19
net1383 4
  67 8
  65 7
  64 9
  68 9
net1384 4
  9 36
  8 34
  5 36
  10 34
net1385 3
  44 19
  43 16
  44 22
net1386 2
  69 29
  69 24
net1387 2
  61 5
  62 2
net1388 3
  27 33
  26 33
  29 30
net1389 4
  57 7
  57 4
  55 5
  62 7
net1390 4
  17 60
  14 59
  20 59
  20 62
net1391 2
  53 16
  49 16
net1392 4
  21 35
  22 35
  25 34
  21 33
net1393 3
  64 38
  66 39
  62 40
net1394 2
  65 49
  67 46
net1395 4
  64 2
  64 0
  63 3
  66 0
net1396 2
  17 24
  16 21
net1397 2
  58 56
  54 56
net1398 2
  43 20
  40 18
net1399 2
  23 56
  23 57
net1400 2
  75 21
  76 25
net1401 4
  1 60
  4 62
  3 61
  3 63
net1402 3
  18 27
  17 25
  19 23
net1403 2
  58 51
  57 52
net1404 2
  36 50
  35 51
net1405 4
  40 46
  40 48
  43 45
  38 46
net1406 3
  61 58
  66 58
  63 55
net1407 3
  78 21
  78 22
  78 19
net1408 2
  39 32
  44 32
net1409 2
  77 34
  77 29
net1410 3
  22 47
  23 43
  23 46
net1411 4
  52 62
  54 61
  54 63
  54 60
net1412 4
  44 49
  42 50
  44 47
  45 52
net1413 2
  13 23
  10 24
net1414 2
  55 44
  53 41
net1415 2
  73 30
  73 26
net1416 3
  22 30
  22 33
  24 33
net1417 2
  61 46
  66 46
net1418 2
  68 37
  67 35
net1419 3
  52 54
  53 57
  53 52
net1420 3
  12 28
  12 33
  11 26
net1421 3
  40 33
  43 32
  41 35
net1422 3
  70 51
  74 52
  69 49
net1423 4
  55 59
  53 59
  52 57
  57 62
net1424 4
  72 18
  70 21
  74 18
  71 19
net1425 4
  71 39
  72 38
  70 42
  72 41
net1426 4
  72 49
  76 49
  72 44
  67 49
net1427 2
  62 52
  60 53
net1428 2
  69 63
  68 62
net1429 2
  36 62
  38 60
net1430 2
  27 57
  29 60
net1431 3
  66 24
  67 21
  64 21
net1432 3
  5 45
  4 41
  8 46
net1433 3
  69 0
  65 0
  65 1
net1434 2
  4 35
  1 36
net1435 4
  59 50
  59 47
  58 54
  59 55
net1436 2
  19 10
  18 12
net1437 3
  53 61
  53 58
  51 62
net1438 2
  8 58
  7 58
net1439 3
  4 58
  4 61
  6 58
net1440 2
  27 11
  22 11
net1441 3
  66 33
  68 32
  67 29
net1442 2
  28 56
  31 56
net1443 2
  60 32
  61 33
net1444 4
  50 38
  48 40
  50 35
  48 37
net1445 4
  9 53
  5 52
  11 51
  7 53
net1446 2
  41 1
  38 1
net1447 2
  9 12
  11 13
net1448 3
  52 37
  55 37
  54 36
net1449 2
  12 20
  8 19
net1450 4
  65 55
  66 56
  62 55
  62 56
net1451 2
  11 52
  11 47
net1452 4
  72 63
  73 62
  67 63
  71 63
net1453 3
  36 58
  41 58
  36 55
net1454 4
  42 13
  41 11
  45 11
  44 16
net1455 3
  13 10
  13 6
  11 10
net1456 4
  33 6
  35 4
  32 6
  32 7
net1457 3
  27 21
  28 18
  30 23
net1458 2
  20 38
  25 38
net1459 4
  70 44
  71 47
  68 45
  71 45
net1460 2
  12 6
  15 4
net1461 3
  56 32
  56 34
  55 28
net1462 2
  40 15
  41 13
net1463 4
  72 31
  74 33
  71 31
  74 31
net1464 4
  25 17
  29 16
  27 14
  23 19
net1465 2
  2 34
  4 31
net1466 4
  57 24
  62 24
  57 27
  59 22
net1467 2
  14 15
  9 15
net1468 4
  13 20
  12 23
  14 18
  17 21
net1469 3
  22 3
  19 5
  21 5
net1470 2
  29 3
  29 2
net1471 4
  22 6
  26 7
  22 5
  22 4
net1472 3
  46 44
  47 44
  48 45
net1473 4
  30 40
  31 43
  29 39
  26 41
net1474 2
  59 9
  58 9
net1475 4
  13 31
  17 30
  11 28
  15 31
net1476 4
  28 35
  27 34
  24 35
  31 37
net1477 3
  63 40
  64 43
  61 43
net1478 4
  71 24
  71 26
  71 28
  74 25
net1479 3
  7 41
  4 42
  8 39
net1480 2
  1 28
  3 30
net1481 3
  62 59
  61 61
  65 59
net1482 4
  26 14
  26 19
  29 12
  30 15
net1483 2
  0 55
  2 55
net1484 3
  35 2
  33 5
  35 0
net1485 2
  69 28
  69 32
net1486 2
  57 63
  60 63
net1487 4
  7 57
  8 55
  4 59
  6 55
net1488 2
  7 28
  3 28
net1489 3
  21 63
  22 63
  17 62
net1490 4
  43 5
  46 5
  46 3
  39 6
net1491 3
  61 30
  62 33
  64 29
net1492 2
  0 37
  0 34
net1493 3
  44 56
  42 57
  47 56
net1494 3
  3 12
  4 8
  6 11
net1495 2
  73 13
  71 13
net1496 4
  54 7
  51 5
  53 5
  55 6
net1497 4
  47 15
  51 16
  43 15
  48 19
net1498 4
  60 54
  64 53
  55 54
  64 54
net1499 3
  34 47
  37 45
  37 49
net1500 2
  39 45
  42 44
net1501 2
  45 34
  46 36
net1502 4
  9 37
  8 41
  10 39
  6 38
net1503 3
  33 53
  32 51
  31 55
net1504 4
  69 14
  70 13
  70 14
  66 13
net1505 2
  33 32
  29 33
net1506 3
  8 15
  5 14
  6 14
net1507 4
  18 1
  22 2
  16 3
  16 1
net1508 2
  70 6
  70 8
net1509 4
  43 25
  44 28
  42 26
  42 23
net1510 4
  4 51
  5 50
  2 54
  3 53
net1511 2
  39 55
  36 56
net1512 2
  36 61
  31 61
net1513 3
  10 53
  7 54
  10 56
net1514 3
  27 46
  27 42
  31 45
net1515 4
  34 7
  38 8
  31 8
  34 6
net1516 4
  14 24
  16 23
  16 26
  18 24
net1517 3
  62 14
  64 17
  62 16
net1518 4
  78 15
  77 12
  77 14
  76 12
net1519 2
  67 26
  66 30
net1520 4
  2 17
  0 17
  1 19
  0 19
net1521 3
  20 49
  23 49
  22 50
net1522 4
  5 48
  0 48
  8 48
  4 52
net1523 3
  18 22
  22 22
  20 19
net1524 4
  65 18
  63 16
  64 20
  66 18
net1525 2
  73 10
  73 11
net1526 3
  29 6
  25 5
  29 8
net1527 4
  32 42
  32 40
  31 42
  32 43
net1528 3
  44 36
  42 37
  46 33
net1529 3
  18 58
  16 59
  16 61
net1530 3
  12 4
  14 4
  12 0
net1531 3
  26 21
  22 20
  26 23
net1532 4
  72 51
  70 52
  71 50
  71 54
net1533 3
  19 11
  23 11
  16 13
net1534 3
  10 44
  14 45
  12 44
net1535 3
  41 57
  40 57
  40 61
net1536 4
  31 2
  34 4
  31 1
  34 3
net1537 2
  14 1
  13 5
net1538 3
  1 40
  2 42
  2 36
net1539 2
  56 61
  52 60
net1540 4
  27 58
  31 57
  23 59
  30 58
net1541 4
  58 44
  55 46
  60 42
  58 47
net1542 2
  14 12
  12 14
net1543 2
  21 14
  16 14
net1544 2
  35 32
  34 33
net1545 2
  10 12
  8 9
net1546 2
  0 46
  0 51
net1547 3
  39 1
  37 0
  40 3
net1548 3
  33 50
  38 50
  36 52
net1549 3
  40 14
  42 12
  42 17
net1550 3
  51 40
  49 40
  51 38
net1551 3
  21 42
  22 42
  21 39
net1552 2
  76 48
  75 50
net1553 2
  40 8
  39 9
net1554 4
  2 38
  4 40
  3 35
  0 41
net1555 3
  74 1
  75 1
  70 0
net1556 2
  1 52
  5 53
net1557 4
  48 20
  51 19
  45 20
  48 16
net1558 4
  40 53
  38 54
  38 55
  39 52
net1559 2
  67 0
  64 1
net1560 2
  61 20
  63 19
net1561 3
  38 18
  36 19
  38 21
net1562 3
  54 30
  58 30
  53 34
net1563 3
  48 1
  49 1
  49 3
net1564 3
  33 62
  35 63
  31 62
net1565 2
  75 25
  77 25
net1566 4
  1 39
  6 39
  5 38
  3 38
net1567 3
  68 36
  70 36
  68 33
net1568 4
  25 58
  24 60
  24 58
  23 60
net1569 2
  66 42
  63 44
net1570 4
  37 55
  37 51
  34 53
  32 55
net1571 2
  26 12
  30 12
net1572 3
  27 26
  26 28
  25 23
net1573 2
  72 24
  74 23
net1574 4
  76 58
  78 55
  78 56
  76 55
net1575 2
  79 41
  79 37
net1576 4
  51 36
  47 36
  48 35
  52 39
net1577 4
  79 25
  78 27
  79 23
  79 27
net1578 3
  39 51
  37 50
  39 49
net1579 3
  38 41
  39 39
  39 37
net1580 4
  32 33
  32 30
  33 37
  31 33
net1581 3
  11 33
  8 33
  9 34
net1582 4
  44 43
  43 47
  47 45
  42 40
net1583 2
  59 42
  59 38
net1584 2
  79 51
  78 53
net1585 2
  64 3
  66 3
net1586 2
  18 44
  16 43
net1587 2
  48 43
  47 46
net1588 3
  68 58
  67 58
  69 58
net1589 2
  17 13
  20 11
net1590 4
  25 16
  21 15
  27 18
  30 16
net1591 3
  35 47
  36 48
  32 48
net1592 2
  75 0
  76 1
net1593 3
  33 55
  31 54
  33 56
net1594 4
  23 0
  23 2
  19 0
  25 0
net1595 3
  59 39
  61 40
  57 39
net1596 3
  33 39
  31 38
  34 41
net1597 4
  69 12
  65 11
  66 10
  69 16
net1598 2
  75 28
  73 28
net1599 3
  8 3
  8 6
  10 2
net1600 3
  10 8
  9 9
  12 8
net1601 2
  34 22
  37 20
net1602 3
  47 61
  46 61
  44 60
net1603 2
  13 3
  11 4
net1604 2
  21 49
  22 53
net1605 2
  2 63
  2 58
net1606 2
  15 7
  11 6
net1607 3
  53 27
  51 28
  50 29
net1608 2
  5 32
  4 34
net1609 3
  24 39
  28 40
  25 36
net1610 2
  78 7
  78 6
net1611 4
  39 29
  41 30
  38 30
  40 30
net1612 2
  32 4
  32 1
net1613 4
  45 54
  45 56
  43 55
  46 53
net1614 2
  55 1
  55 2
net1615 2
  22 51
  24 49
net1616 4
  7 60
  8 63
  11 60
  7 55
net1617 2
  13 16
  10 15
net1618 3
  44 37
  47 37
  44 35
net1619 2
  28 63
  26 60
net1620 4
  45 35
  45 39
  40 35
  46 32
net1621 2
  36 0
  38 3
net1622 2
  62 50
  65 52
net1623 2
  49 29
  47 27
net1624 3
  16 51
  19 49
  19 50
net1625 2
  63 38
  60 37
net1626 2
  42 62
  41 62
net1627 4
  54 52
  49 52
  55 56
  51 51
net1628 2
  55 25
  55 30
net1629 4
  3 44
  0 44
  3 45
  2 45
net1630 4
  38 44
  41 44
  35 46
  41 43
net1631 3
  20 9
  21 10
  23 8
net1632 3
  74 32
  75 31
  77 32
net1633 4
  20 29
  23 30
  16 28
  17 31
net1634 3
  39 2
  36 3
  42 2
net1635 4
  52 45
  50 44
  53 43
  52 44
net1636 2
  26 53
  26 51
net1637 2
  34 38
  39 38
net1638 2
  20 45
  21 47
net1639 2
  41 19
  41 24
net1640 2
  73 33
  76 33
net1641 4
  29 52
  28 50
  34 52
  26 52
net1642 4
  24 22
  19 22
  25 22
  21 23
net1643 2
  2 25
  0 25
net1644 2
  38 32
  40 34
net1645 2
  29 13
  28 13
net1646 3
  39 53
  39 58
  40 49
net1647 2
  43 63
  43 59
net1648 2
  16 62
  17 58
net1649 3
  63 30
  63 32
  63 34
net1650 3
  67 47
  69 48
  69 46
net1651 4
  30 13
  28 11
  32 12
  32 11
net1652 2
  78 35
  77 35
net1653 3
  56 31
  57 35
  58 34
net1654 2
  67 57
  71 57
net1655 2
  42 32
  41 34
net1656 4
  24 1
  19 1
  21 1
  24 4
net1657 3
  25 45
  25 49
  24 41
net1658 2
  54 12
  50 11
net1659 2
  25 43
  27 41
net1660 2
  47 2
  43 2
net1661 2
  33 33
  35 30
net1662 3
  14 55
  13 57
  14 56
net1663 2
  16 0
  16 2
net1664 2
  40 50
  37 52
net1665 2
  54 59
  56 56
net1666 2
  50 33
  48 31
net1667 2
  75 27
  74 26
net1668 4
  77 43
  75 43
  74 44
  73 43
net1669 2
  54 19
  52 16
net1670 2
  71 40
  68 41
net1671 2
  30 42
  28 41
net1672 2
  59 32
  59 35
net1673 2
  30 29
  27 27
net1674 2
  71 1
  74 0
net1675 2
  21 22
  21 19
net1676 3
  62 35
  60 38
  63 33
net1677 2
  16 42
  14 42
net1678 3
  23 40
  22 39
  24 36
net1679 2
  61 34
  58 35
net1680 2
  76 54
  77 54
